0.0
0.0
0.36959261074662214
0.4440626079063275
0.4882408609072426
0.5754472843235724
0.6131388598513361
0.6518405151181399
0.6867472990277327
0.7129576931007855
0.7381958273763541
0.7594187946533106
0.7784177942294719
0.7955644647480431
0.8107220281309298
0.8245148067117862
0.8372120130057176
0.8482789054441203
0.8589126072794254
0.8685174633378533
0.8770309502376598
0.8853590581016738
0.8928366184341643
0.8992908274821088
0.9064360180632312
0.9112698988324986
0.9181664202821863
0.9218149888502025
0.9279774358372043
0.9313897672985207
0.9359496368275172
0.9398798351379275
0.9430776401342483
0.9468622269897211
0.9496124671901548
0.9528890553771323
0.9557069447530321
0.9578690345930371
0.9608037726125285
0.9627700191352835
0.9651143007158395
0.9669185943025886
0.969265702702342
0.970470499245188
0.9725764161600599
0.9737810798317297
0.9753408939618669
0.9769259549193553
0.9778245875926863
0.979792358019351
0.9802309750793728
0.9818661997804541
0.9825492762790464
0.9837630859759537
0.9844673185001412
0.9856226678601697
0.9859994939382559
0.9873578241742622
0.9873647952350277
0.988616437875057
0.9889517928300088
0.9898083154596526
0.9902779828746222
0.9908519688995397
0.9913811134617421
0.9917180348511511
0.9922900291959021
0.992572130561683
0.9932224137230522
0.9933963790222179
0.9938913075591185
0.9942132921976162
0.9945442814494206
0.9946238342862083
0.9954461683446008
0.9951049058894591
0.9958683686121987
0.9954558276843662
0.9963744089519193
0.9959268773495628
0.9968183658170773
0.996308405290321
0.9970465786061582
0.9970985909574172
0.9970725231662866
0.9974173004330456
0.9973458467491773
0.997953544709267
0.9974172235066705
0.9983073423975982
0.9976360120364495
0.9984762338677571
0.9979136788187896
0.9987733508202356
0.9977750459107916
0.9990857786670382
0.9980570069134208
0.9991488554296469
0.9985405120225992
0.9988156316567974
0.9986938934720941
0.9988000994627309
0.9990274941094486
0.9989842546321757
0.9993000535270868
0.998819383474717
0.9995701864532462
0.9989307089658584
0.999620257015676
0.9988865310897944
0.9996528995404605
0.999241775404948
0.9993227889937477
0.9995041937886865
0.9993850978164782
0.9996385359929791
0.9996748676141666
0.9994951689411625
1.0000256292442473
0.9989496191986504
1.000197893772616
0.9991335250609235
1.0001297781088205
0.9991171813053134
1.000130609650365
0.9994775384703551
1.0000992778137976
0.9994017525944839
0.9999788376811236
0.9995850666226015
0.9998528019951414
0.9996702151911356
1.0000075911701907
0.9997436734989891
0.9998444835112098
0.9997791781087968
1.0001113546376472
0.9994520743245737
1.0002505788810139
0.9992859672951147
1.0005999668115646
0.9991492465266749
1.000757522094572
0.9991177314265111
1.0008752792738436
0.9990167720299138
1.0006951980882863
0.9991410731572269
1.0007455086946373
0.9990917525820827
0.9924969924362331
1.0079798450370423
0.9929622148189796
1.0065331407403693
0.9945273491081803
1.0050966108608366
0.9958251319093419
1.0038794324516553
0.9967888306368098
1.002778772344192
0.9979457763723398
1.0017634852631263
0.9985337540044348
1.0011206396769012
0.9989763914622335
1.0008791188458257
0.9994218844953108
1.00071478584223
0.9994222586335172
1.0006966142333629
0.9994981733388966
1.0003086813125013
0.9997609963795547
1.0003087371424395
0.9998030482319442
1.000424563661251
0.9997644266287498
1.000201344892089
1.0000273755335392
1.000120002035909
1.0001261678551931
1.0000240214970497
0.9998875805147073
1.000234583178042
0.9996947358412581
1.0001872543029549
0.999806673559373
1.0002705794402176
0.9996477708645903
1.0002839798578824
1.0000246777690514
0.9998363703658739
1.0003178702835733
0.9997338177560051
1.0002803931785507
0.9998936837566684
1.0000618364797
1.000040156650689
1.0000006124473595
1.000159736241388
0.999627058001076
1.000416780691731
0.9995827099517067
1.0003193669674253
0.9998534003270748
1.0001975616504941
0.9998473757422629
1.0002392835364966
0.9999116565632185
0.9998722118547868
1.0004200503735123
0.9994669240903806
1.0005010427445382
0.9996450499191474
1.0002175498470751
0.9998460190724894
1.0000349544525236
1.0000116916087158
1.000011085716944
0.9998841855723737
1.0002461162229976
0.9998232882127852
1.0001153064544885
0.9999199530657054
1.0002159214166957
0.9997073269269858
1.000171493968436
0.9998083414506753
1.000249042858505
0.9997070349216365
1.000212374711904
1.0000539005634683
0.9997580704841281
1.0001408599798114
0.999878880481443
1.0000964291404961
0.9997000155690486
1.0002841926767592
0.9996738289090563
1.0003125330957352
0.9997074611486237
1.000276729724309
0.9997843913856143
1.0000229475253561
1.0001638814769411
1.0000034888394462
0.999899305169958
1.0001502232896036
0.999800183705418
1.0002996726680404
0.9995858595149937
1.0004177105112908
0.9995000958095547
1.0004555256684011
0.999748742095235
1.0001987166690849
0.9998519687928108
1.000253045145651
0.9999583762925609
1.0001791911371998
0.9997403921484436
1.0002250653563813
0.9997089616806856
1.0000605482843419
1.0001467668503863
0.9996987509632324
1.0002867084392204
0.9998420537857322
0.9998846768171956
1.0000216300321016
1.0000579538342012
0.9999729391635702
0.9999083389024632
1.0000593042838857
0.9998991206202288
1.0001811016811022
0.9997501216436709
1.000095214213823
0.9998489135438962
1.0002346574304775
0.9997965373598341
1.0002725185732397
0.9999099231306277
1.0001198367906916
0.999941957451753
1.0001334442595369
1.0000908445352468
1.0000389335290862
0.9999261722876753
1.0002027186866014
0.9997863328245864
1.0002826082052834
0.9998343223101872
1.0001041394165033
0.9999741195959914
0.9998604665211657
1.000263252015531
0.9997793430928582
0.9999455557401439
1.0003722428514874
1.021816046922487
0.9774997247624773
1.0198273118152048
0.9816258452710912
1.015306848985208
0.985857274934691
1.0116418387996944
0.9889761682243174
1.0087805276470223
0.9917418901282202
1.0064000520695184
0.9936614562142744
1.0047546742417923
0.9953488581362535
1.003363033946699
0.9966939341288746
1.0021400366146003
0.9976193981472108
1.0015141672347854
0.9982566383877051
1.0011496820172288
0.9986850296573474
1.0007725042819515
0.9991607986219264
1.0002624447018618
0.9993805929682091
1.000239477249575
0.9994628187123886
1.0001858122830987
0.99970675875505
0.999912821501265
1.0000244321393708
0.9998766721662337
0.9998476731082959
0.9996418792208118
1.000223461513861
0.9996614962283001
1.0001966228393082
0.9998630131387921
1.0000078835659745
0.9997795671315923
1.0002691113522353
0.9992025695869914
1.000757327750592
0.9992902305246457
1.000583331638171
0.9992556594738083
1.0006080515612712
0.9994969896037625
1.0003726426589679
0.9996458774180678
1.0003442991730291
0.999512020602514
1.0002741222556732
0.9995969815349038
1.000336764570073
0.9996075007903152
1.0002336421245939
0.999888799100593
1.0002390045352383
0.9998670840913518
1.00004138267988
1.000019992290019
0.9996413019691014
1.0002670141372751
0.9996567989937611
1.0005409497563684
0.9992182775589481
1.0006742461594744
0.9994031006202662
1.0004136485073036
0.999483543607933
1.0004287697509895
0.999796892007786
1.000085823161916
0.9998810224218908
1.0000600143764538
0.999976154002064
0.9998747620830533
1.000178640811146
0.999812233800917
0.9999845558436978
1.0002224647182074
0.999844904883879
1.0000386345331653
0.9999855172303797
1.0000066603510653
0.9998729616238972
1.0000945647094353
0.9998646058488879
1.0002251067409418
0.999751653889025
1.000273512642321
0.9995755175208035
1.000258689311288
0.9998703020533325
1.0004040402884398
0.9997068434792626
1.0001119265655651
0.9997885934732162
1.0004116449128826
0.999532462835531
1.0005824433411545
0.9995328514026168
1.0004726600655665
0.9995528559287391
1.0002886744334287
0.9997642642762369
1.0002682526614666
0.9997302253557885
1.000121252516527
0.9999756991475646
0.9999709669531268
1.000083024849935
0.9998597100486256
1.000188693953653
0.9998079635183289
1.000126172852514
0.9996063696482062
1.0003125720035242
0.999643916811863
1.0003537202306363
0.9995422571918887
1.0004555287173063
0.9995435375928501
1.0002988365288819
0.9999415806819182
1.0000489535537505
0.9999029889345188
1.0000468056012328
1.0000245458899633
1.0001323798245363
0.9999263161534234
1.0000592863655502
1.0001078429594739
1.0000495577604565
0.9998574206149314
1.0001190790649133
0.9996734774211381
1.0002822651327727
0.9997381196294133
1.0001462706543536
0.9997792734071875
1.000296194271304
0.9996675406531448
1.0004797231447635
0.9996186544000528
1.0002656221336472
1.0000921028614085
0.9999052078510166
0.950255787134968
1.0536176551000314
0.9539859945410624
1.043640329414352
0.9641812418547704
1.033634121387564
0.9727015954868433
1.025609586949083
0.9793412706909751
1.019504079723479
0.9844190666547674
1.0147600597652777
0.988367376785764
1.011147593780893
0.9915844515753834
1.0081429749008477
0.9939515754591989
1.005861812255848
0.9957265273542091
1.0042512732433562
0.9970946050257337
1.0032565589510054
0.9979504472180017
1.0026827249070986
0.9981835181109182
1.0018520661996395
0.9988703941063364
1.0012899045355457
0.9993318680582015
1.0009339863777211
0.9994309339257943
1.0009877292664415
0.9994336249974327
1.0009853851853463
0.9993393292550031
1.0005417838874897
0.999734219447407
1.0004847631140548
1.0000487637477677
1.000195661252431
1.0000132160118935
1.000462717311287
0.9996248438082957
1.0007060667211594
0.9995460263175593
1.0006733806298258
0.9996090420024053
1.000426894052074
0.9999177525396925
1.0000525461803993
0.9999926660069841
1.000346214470663
0.6305197856727909
0.6823025672317321
0.4351441936300769
0.21789134805757654
-0.001561980843233749
-0.23330114216253517
-0.3915733009270149
-0.4734923017180158
-0.541595951259078
-0.5956029191071147
-0.636295588051036
-0.671896388933198
-0.7019680175641234
-0.7275644299949114
-0.7505256418791122
-0.7700046507169797
-0.7883071257868862
-0.8041706519700049
-0.8185478812599943
-0.8317710275942144
-0.8434439757232032
-0.8545796227818908
-0.864051372145246
-0.8736988821631333
-0.881537852425722
-0.8897135650174832
-0.8964858446269202
-0.9032794094029394
-0.9091995245380932
-0.9151544301751214
-0.9201224273413887
-0.9252741088496391
-0.9297534634614231
-0.9340196920403897
-0.9380733522162813
-0.9415830934926589
-0.9452618867924228
-0.9484710271215878
-0.9517212684968839
-0.954141485989843
-0.9571291185109304
-0.9594662619476959
-0.9620345225778774
-0.9640439301546001
-0.9662474843237934
-0.9681738088530453
-0.969791451059567
-0.9719127127464151
-0.9729820229667473
-0.9750836337145519
-0.9759586584596011
-0.9779435550670729
-0.978664325831988
-0.9801337121804603
-0.9809829955340389
-0.9824946202580763
-0.9828131420002965
-0.9846000754620553
-0.984670349996142
-0.9861267857331558
-0.9867594707125249
-0.9874240517429486
-0.9880728856818152
-0.9888539383607807
-0.9893307672168993
-0.9901535361700435
-0.9903885657032885
-0.991132556054751
-0.9913792667733081
-0.9923272570808382
-0.9921649927974958
-0.993151802797714
-0.9928823466604787
-0.9939614528789962
-0.9937205604634533
-0.9946330687993113
-0.9943148278758535
-0.9955217501723603
-0.9948693693512048
-0.9957218947889499
-0.995487049563574
-0.9962118239436981
-0.9961039371486318
-0.9964504616975287
-0.9965438489838755
-0.9967020241270812
-0.9971235052132977
-0.9969362773667996
-0.9973248585779564
-0.9973695010814771
-0.9976670480980997
-0.9975991315520415
-0.9980390625917843
-0.9977487626000925
-0.9984076841450756
-0.9979330209731883
-0.9984928063474637
-0.9983342007089334
-1.0184105683838662
-0.977946875585959
-1.0168392215386821
-0.9818567055358302
-1.0124372640069164
-0.9860796156331247
-1.0091540534833183
-0.9893124136503723
-1.007053208436952
-0.9915567617290117
-1.0051352547404058
-0.9934541130400139
-1.0034237091937537
-0.9951108414250057
-1.0024573501427938
-0.9961916087310891
-1.0015069130649241
-0.9968300984161865
-1.0012126219015165
-0.9977798735258543
-1.0007379443224245
-0.9979801822444766
-1.0006113038072086
-0.9983674606402414
-1.0003995378057666
-0.99872337714477
-1.0001824514869648
-0.9987897474982155
-1.0002875199395476
-0.9989635164306996
-1.000284482044295
-0.998713069629357
-1.0004600217149928
-0.9990406867342781
-1.0002465540848398
-0.9992971239731205
-1.000029565183421
-0.9996453377330309
-0.9996910530239438
-0.9995338108161189
-1.000183378584396
-0.9994979697583402
-1.0001437886786302
-0.9995819290576773
-0.9999782486668779
-0.9995521572322751
-1.0000451382100781
-0.999582124710881
-1.0002214975759367
-0.9993753657002683
-1.0001253308924845
-0.9996913285617722
-1.0001250966516209
-0.9996706326512134
-1.00004033114568
-0.9999066565430996
-0.9999821771342176
-0.9997011471184862
-1.0002845286464943
-0.9996446449637133
-1.0000601219284224
-0.999771282894953
-0.9998249474659804
-1.0001220217663387
-0.9998474554712761
-1.0001034577749235
-0.9999516663644242
-0.9998832226621047
-0.999729534509642
-1.0000085796917901
-0.9999370731735656
-0.9999719403128345
-0.9999962766464087
-0.9998747109735933
-1.0003603682350717
-0.9997787135524202
-1.000184564933101
-0.9998539508928904
-1.000059047662446
-0.999758837837819
-1.0000603244489992
-0.9999651181914603
-1.0000869454475982
-0.9998369180809341
-1.000162803325459
-0.9995430877317546
-1.0002488938857343
-0.9996047896419077
-1.0003598660144473
-0.9993698011012709
-1.0004240538585811
-0.9996453031878416
-1.0004220170936913
-0.9995707658365905
-1.0003577393996035
-0.9997240501094532
-1.0004435848520608
-0.9993387397065371
-1.0006941770396927
-0.9994754599630304
-1.00052771803969
-0.9995632429457735
-1.0003602877968467
-0.9995853248487027
-1.000342456393399
-0.999772176201814
-1.0001527668362395
-0.9999765140359103
-0.9999555960636274
-0.9999491706279059
-0.9999456275568402
-1.0001563558509392
-0.9996699369833519
-1.0003330496567124
-0.9998102370481357
-1.0001142658205073
-0.9997984258290696
-1.0003168933257565
-0.9998181752171019
-1.0004402339418943
-0.9996716523812895
-1.0001941236988545
-0.9997169440483386
-1.000334998799159
-0.999702336254898
-1.0001032946459694
-1.0000164773658635
-1.0000748837821107
-1.0001198218629543
-0.9998560621025441
-1.0000455070582406
-1.0000681348719809
-0.9997531545565503
-1.0002155328507982
-0.9996959097531771
-1.0004805082968067
-0.9994849320598466
-1.0004974489161151
-0.9995978942758035
-1.000305285568646
-0.9998537531851397
-0.9998500485775028
-1.0001529214950686
-0.9998346345476581
-1.0000604692644768
-1.000063220616341
-0.9999323871265401
-1.0000021796306418
-0.9999537036363055
-0.9999417456446772
-1.0352775176693019
-0.9634502084313131
-1.0323321973012456
-0.9702485685942748
-1.0246682192787824
-0.9773641205275155
-1.0186504200573852
-0.9823183751897506
-1.0145384656721812
-0.9863219567597362
-1.01078892817053
-0.9893966238953936
-1.008219297820722
-0.9918254476541658
-1.0061347569147854
-0.9937458887029783
-1.004719840316315
-0.9953200515962279
-1.0033625697692763
-0.9962940625556703
-1.0025412109383853
-0.9970793310576381
-1.0019357790328214
-0.9978544800053925
-1.001422596762887
-0.9982357693628604
-1.00118582240073
-0.9984037473974058
-1.0011543862624137
-0.9984124979391321
-1.0009784982093841
-0.9987540370554407
-1.0008527561956955
-0.9990128415031125
-1.000538785528219
-0.9992962313846341
-1.0004373385843348
-0.999555388646561
-1.000009993976157
-0.9996449081726787
-1.0002879775335354
-0.9993260578129827
-1.0005245049031086
-0.999241737846585
-1.000325070003289
-0.9995076849167311
-1.000442159750581
-0.999548722679578
-1.0002751570197923
-0.9995429839312476
-1.0003888974888948
-0.9996853521275875
-1.0000497070265233
-0.9998276850410738
-0.9999784135992585
-1.0001121596341895
-0.9996970816827514
-1.0002754387015684
-0.9995637397183341
-1.0004155192198791
-0.9993630188702096
-1.000547398789512
-0.9995471998330031
-1.000358044548948
-0.9996569407868618
-1.0000211942957429
-0.9998252796750802
-1.0003497763661693
-0.9995352212743459
-1.000439531375501
-0.9994682545164812
-1.0003557105480603
-0.9995944138183109
-1.0002341320421997
-0.999900883956261
-1.0001083057538525
-0.9998790228628397
-1.0000922185899181
-0.9999297508240544
-1.00000353641202
-1.0000132938789963
-0.9998685472319578
-1.000278961638734
-0.9999254132594595
-1.0000333614800785
-0.9998592545378965
-1.0000833779315106
-0.9999687644150625
-0.9999472371174145
-1.0000563584819295
-0.9999773409756949
-1.000003108109919
-0.9999017928008047
-0.9997924980092615
-1.0001386411713835
-0.9999245374777642
-1.0001840408579645
-0.9998412261665021
-1.0004850627217394
-0.9994156766536613
-1.0003708255560233
-0.9998330555870351
-1.000254468668923
-0.9997460163819536
-1.0002901460919735
-0.999645244729411
-1.000351241386124
-0.9996940979213468
-1.000322662408962
-0.9999555394819619
-0.9999542596510553
-0.9998525101957847
-0.9999322487748435
-0.9999679947438718
-1.0000639319858626
-0.9997531503719426
-1.0003365606647225
-0.9994614077902028
-1.000499842677244
-0.9996170840948712
-1.0004544368214519
-0.9996455992344274
-1.000130903254209
-0.999907783953903
-0.9999670477082695
-1.0001874115494052
-0.9998375414887042
-1.0002423951114563
-0.9997020273228001
-1.0002640205168842
-0.9996379859967696
-1.0004075887334114
-0.9996974823817588
-1.0002254909709631
-0.9997788638466684
-1.000418420132947
-0.9996711174371138
-1.000310733445111
-0.9998518847897409
-1.0002317070173774
-1.0000837063482135
-0.9996429025402715
-1.0001781096770304
-0.999934137738346
-1.0000470740871212
-0.9999934246873194
-1.0000016704042665
-0.9997256774195042
-1.0002885631678446
-0.9994129762818074
-1.0412347468585637
-0.9578415767181458
-1.0375454577972123
-0.9654221964915359
-1.02869267899281
-0.9737189057196928
-1.0212544804844867
-0.9799887658009493
-1.0160057538985947
-0.9845449568257999
-1.0120317673022823
-0.9883100509243832
-1.0088243317070815
-0.991256753890705
-1.0067419943651998
-0.9931336475499487
-1.0052705507434199
-0.9944422035409989
-1.0036964920144762
-0.995965830318089
-1.0028259359443688
-0.9967708771871598
-1.002045117321956
-0.9973493638074132
-1.0018461817073943
-0.9976372907713714
-1.001512623171414
-0.9982607285998047
-1.000926936319527
-0.9989026764783024
-1.0005019384863725
-0.9990581476414588
-1.0004625822271385
-0.999338418985894
-1.0001363124522298
-0.9997015441424878
-1.0000658095182018
-0.9996476157363683
-1.0000447641346946
-0.999774432461967
-0.9998693393498357
-0.999919222529431
-0.9996875918701514
-1.00017627751373
-0.9995268209591706
-1.000269163477047
-0.999482109256064
-1.000506785249026
-0.9993618849403579
-1.000464438831311
-0.9993328132871473
-1.0004920596490612
-0.9993421527435318
-1.0005073501663868
-0.9994888334750168
-1.0001275259699025
-0.9997726476029872
-1.0000800082599146
-0.9997539594350214
-1.0001648312239213
-0.9997891553816443
-0.9999295523238616
-0.9998707350755739
-1.0002346866327692
-0.9996721609160458
-1.0001989966412141
-0.9999409921004432
-1.0001918432571226
-0.999735106894687
-1.0002266867841014
-0.9995251745322112
-1.0003118938820132
-0.9997188207114656
-1.0001702602281644
-0.9997352813882805
-1.0000955834724838
-0.9999599758571083
-0.9999144974244414
-1.0001654838480125
-1.0000185934269208
-0.9999685636932059
-1.000112512237788
-0.9997713640749717
-1.0000658572804884
-0.9998630006897921
-1.0000612647150964
-0.9999744906221316
-1.000057750795975
-0.9998056941925393
-1.0002389847229902
-0.9997233587723673
-1.0001936663164914
-0.9998391776950296
-1.0002397378777768
-0.9997822986662457
-1.0002212608757024
-0.9997923993252736
-1.0002659127428324
-0.9999646229033274
-0.9999798666100661
-0.9999191416502324
-0.9999886473024023
-0.630314291910088
-0.6823135535813298
-0.43495041282130054
-0.2176477122088004
0.0016906068723673902
0.23352013978697544
0.3915065408609249
0.47355671718751874
0.541730949601797
0.5954341286469155
0.6363251859521524
0.6717780490617027
0.7020594282225253
0.727479546554971
0.7503536845723521
0.7703442390469571
0.7882162415552243
0.8042298494294332
0.8187066165384934
0.8315271919522059
0.8436987744090118
0.8541141687853943
0.8644868989727601
0.873364256834
0.8819839333148433
0.8891786806657687
0.8969661720167745
0.902819496314605
0.909763343792852
0.9148105128285862
0.9203429758024249
0.9254728948683338
0.9294290494222613
0.9341463446749183
0.9379354761641523
0.941567280559284
0.9454346359184346
0.9485914381251199
0.9514645840397841
0.9544433647344205
0.9567843271046197
0.9597655166306798
0.9616707775036996
0.9642437166405509
0.9661800514818151
0.9682892869099474
0.9697496864000228
0.9718146995310732
0.9408820544988997
1.008565136752552
0.947971637452024
1.0034566846333197
0.9586026137754633
0.9984677900072244
0.9667467433562373
0.9956719793891002
0.972835733836014
0.9940828996153667
0.9776327521542351
0.9931605042477082
0.981201587705303
0.99269134449486
0.9845264930553138
0.9925883961798004
0.9867217171392565
0.9930343694118842
0.9882689294044132
0.9936392996591936
0.9900105195090158
0.993826495624956
0.9912318954776934
0.994531971569656
0.9921485893916621
0.9950157356228301
0.9931526829750503
0.9953754374495373
0.9944093007135837
0.9955216643445782
0.9949724462117839
0.996211869012027
0.9952302071295009
0.9967763278257213
0.9957474566934224
0.996996830533758
0.9964175696989616
0.9971254039474373
0.9970745072041838
0.9971490419358395
0.997275486139034
0.997707907108482
0.9974743883862838
0.9979902241179877
0.9976936083637035
0.9980816368923836
0.9981226205707295
0.9980844158159441
0.9983907515498361
0.9981160837499605
0.9987750447841562
0.9985289520442775
0.9986877261653194
0.9987925088951826
0.9985872097126075
0.9991302455783722
0.9985305981851346
0.9993989508618548
0.9990136877012421
0.9990487014589639
0.9991301669243429
0.9990162363891901
0.9993411538775014
0.9990127902425865
0.999439231975907
0.9992315814720082
0.9995595692333733
0.999136844521292
0.9998505844213498
0.9990295489877803
0.999752436199621
0.9993653899131125
0.9996266021217391
0.9994900840090033
0.9998767668580624
0.9994119138889065
0.9998277690836889
0.9995652528622935
0.9999274397235087
0.999289207675749
1.0001133329984566
0.9994799009674247
1.0000911339824263
0.9996656886099299
0.9997137589288829
0.9998589755654609
0.9996816934732166
0.9998566775176737
0.9997489154780369
1.000035860247464
0.9997212454992613
1.0000192536286114
0.9999057214972066
0.9998564120759319
0.9999063526122864
0.999985861636931
0.9997145681869524
1.000105736515975
0.9996699788254955
1.0001134306119368
0.9999196587067753
0.9998886237026198
0.999917282324192
1.0000031696925664
0.9999204744494048
0.9999709564510524
1.0000498698556584
1.0000028019484928
0.9998775945138887
1.000337739858228
0.9992886802597352
1.0006046921418659
0.9993286436941531
1.0004656581174356
0.9995908582607854
1.0002351257213624
0.9998968664826952
0.9998591594317955
0.9999153632485593
1.0001526493211976
0.9998961257697144
0.9999991320557762
0.9998843341232316
1.000035800338131
1.0000065396564901
0.9997840584324373
1.0003195418385646
0.9996572917301773
1.0001552925271762
0.9996518658145621
1.0004801242144599
0.9995054598127143
1.0003846507019643
0.999679934743554
1.0002667409979926
0.9998076541608306
1.000144326109311
0.9999631221038282
0.9999596159701334
1.0002194221512226
0.9995009647837738
1.0004565123598674
0.9995512374264396
1.000446769154901
0.9993200568905521
1.0008487856334032
0.9991271728611176
1.0010337093942234
0.9990699506109235
1.0007764485246549
0.9836573592627985
1.017026359182134
0.9849841484243018
1.0139512657630032
0.9885169193281322
1.0106293466901364
0.9913823433969488
1.0082142210106957
0.9933388839071099
1.0063571792671215
0.9947376420384618
1.0051825274244315
0.9958291873307605
1.0040970217950875
0.9966805746543949
1.0032708065595224
0.9976594464603762
1.0025655383936622
0.9980224666498212
1.0019570379470615
0.9984039187201832
1.001530140364938
0.9988106271792425
1.001151813970074
0.9991950928913121
1.0008059465792782
0.9994138434640915
1.0006330625992794
0.9996496409394362
1.000568449822704
0.9995690583606868
1.000656887517548
0.9995666247464609
1.0004810458127555
0.9999111999038565
1.0000099539104077
1.0000107343730993
1.0000200403129542
0.9998180688198248
1.0001500436748474
0.999943032608459
1.0000568187317826
1.0001224887738898
0.9998881590553003
1.000250313123412
0.9997822894573598
1.0000914106736596
1.0000394666127486
0.9999603053650608
1.0000820324435753
1.0002017027167602
0.9998815021554088
1.0001216106236872
1.0000339520109054
0.9999178112921393
1.0002772567452205
0.9996643284670336
1.0002597874790224
0.9996714627220833
1.0001923538376203
0.9999366809243777
1.0001501233957153
1.0000537297084346
0.9999613612148952
1.0000250921371747
0.999849769059582
1.000295221929346
0.9996092313052115
1.0003738460813931
0.999846551119009
1.0002478808485291
0.9995491433429499
1.0004231856080084
0.9997546548645596
1.0002869543995092
0.9996294317555482
1.0000449469376913
0.9998396567517993
1.0000991414009002
0.9999538128013236
0.9999221726685343
1.0002001003871204
0.9998937550921677
1.0002464278984644
0.9999565591435728
1.0001634534756396
0.9997278978750898
1.000338868639897
0.9997125830394517
1.0000783476904973
0.9999195836701441
0.9999955392177085
1.000040016422592
1.000049440911805
1.0001883390687456
0.999805186563786
1.0003389279431456
0.9998031363946386
1.0001079513446671
0.9999861390239971
1.0001226790992572
0.9998658866626484
1.0001922287696483
0.9997200225780742
1.0004230555965399
0.9996284448008083
1.0003497658353029
0.9994809545014303
1.0005579441352501
0.9995080223491909
1.0005137705161862
0.9995237225217293
1.0002552509781153
0.9998084120682402
1.0002165124645146
0.9997163188892262
1.0000484377402594
0.9999899960609717
1.0000334145851535
1.0000738150428696
0.9998386135221263
1.0001230188605639
0.9999985890359446
1.000335597393195
0.9997921280653658
1.000220879577983
0.9998664132813638
1.0000824408720304
0.9998919998048464
1.0002494902477312
0.9998298033575147
1.0001869276212192
0.9995453600370152
1.0003104512922874
0.999668170759804
1.0002037097958414
0.9999779167345361
1.0000763477870334
1.0000343160974696
0.9998112670564775
1.0002212353855138
0.9997101212861438
1.0001274688433315
0.9998949190950127
0.9998014202701546
1.0001480084353989
0.9999059055099704
1.0001840273178615
0.9999368891851036
0.9999949026909688
0.9897423314937945
1.0108625535502676
0.9906156855769017
1.0087320595983729
0.9927353199913359
1.0068059808334109
0.994262806967711
1.0054383373893119
0.9957077817904856
1.0040753018352135
0.9966338495512957
1.0032261087126213
0.9973722577801635
1.0027191886157953
0.9978181795884601
1.0018896781581892
0.9987268757336195
1.0013185503771327
0.9991850451784992
1.0009451710726016
0.9993498931085332
1.0007452153124958
0.999315010104138
1.0007982119784722
0.9997225429099128
1.000401499726813
0.999767761483409
1.0001535159316906
0.9998079526750471
1.0005422371794326
0.9994562153220184
1.0005480526843942
0.9998462197505599
1.0001486388652767
0.9998752083931679
1.0002043307802317
1.0000033513597588
1.0000574166924108
0.9999926940088036
1.000003780482178
1.0000521752559675
0.9999414746115232
1.0000095651244634
0.9998295267405669
1.0001609793000497
0.9998323283959049
1.0002590255788533
1.0000413387356906
1.0002468174697976
0.9996218218374827
1.0000784662123146
1.0001068395994168
1.000131601779772
1.0000690428779926
0.9998614310965278
1.0001693461463357
0.9997582675012335
1.0002195891688719
0.9996560720192081
1.0002895576575757
0.9999192394416981
1.0002958357015739
0.9995696694761995
1.0003969109110349
0.9996590308361171
1.0003332654664283
0.999558425261244
1.0005803373275757
0.9996453537475845
1.0003525665860853
0.9997411315722136
1.0003181307734452
0.9998575714941967
1.000416026674796
0.9992975358003049
1.0004915442080873
0.999646495318392
1.0005132422258427
0.999489217201344
1.0004436477731644
0.9995097774783842
1.0004282026190576
0.9994963336438487
1.0003563667409483
0.9996441307278289
1.0003554744637124
0.9993020641367968
1.0006858955402014
0.9995536075301079
1.000239803987014
1.000009304022064
1.000108211408258
0.9998055301628985
1.0001177888744186
0.9997118440531448
1.0001668186549553
0.9997315519572911
1.0001937822214975
0.9998284276647372
1.0000318879141636
1.0000061958008053
1.0000761337785304
1.000138908630752
0.9999534478372174
1.000056917988161
0.9999848013405359
1.000156809649162
0.999544493234515
1.000224493417893
0.9998791743541797
1.0000159168154859
1.0000844832651588
0.9998111445097659
1.0002311664077208
0.9999318756206375
0.9998841186370301
1.0001441511840183
0.9998337670490299
1.0001862950649314
0.9997191361080223
0.9999743433250597
1.0002608941614708
0.9997776422176599
1.000212706549714
0.9999234021339087
1.0000269729267468
1.0000975172009778
0.9999489422333752
1.00013968405178
0.9998863862450394
1.0000910929157725
1.0001734037267653
0.9997296779791812
1.000307942803594
0.9997480741894474
1.0003572747458338
0.9996805863256152
1.0005506798500496
0.9994459248708537
1.0003153273825678
0.9998297115993723
1.0000780564688672
0.9999938503279904
1.0000586993446186
0.9996262899392752
1.0004622774057794
0.999873331759787
1.0000685184537048
1.000009870105932
1.0000606461963872
1.0038569323035065
0.9959836483890672
0.63236491008994
0.6815678006594451
0.43461982145836286
0.21773952346297037
-0.0018875340141664666
-0.23369408501881814
-0.3916601146579032
-0.4736950373606781
-0.5416597025251352
-0.5955939420127419
-0.6362530429084552
-0.6720350154234644
-0.7017308319694162
-0.7277063659053262
-0.7502686622464669
-0.770365892300327
-0.7882165875554735
-0.804253793483581
-0.8187006698402266
-0.8315637890327562
-0.843664913588009
-0.8543999413247385
-0.8642118228979084
-0.8736070962052611
-0.8817780519935053
-0.889560690409834
-0.8966761432179192
-0.9030623609390185
-0.909534460515109
-0.9147190642507442
-0.9208962577974491
-0.9247734407858865
-0.9299579055408962
-0.9340989280167458
-0.9379265899430212
-0.9418944088053778
-0.9450444838395706
-0.9487768769819658
-0.950962924031984
-0.9548227307923559
-0.9569244751931569
-0.9596888385697633
-0.961456695007101
-0.9646515557197819
-0.9657020269703455
-0.9685240160023226
-0.9696728441140263
-0.9718838262642489
-0.9732154940567406
-0.9747185961473104
-0.9764122257617174
-0.9773899853561737
-0.9788840758877267
-0.9800670983308706
-0.9810957677010799
-0.9823345173362606
-0.9832487465353011
-0.9840719029338267
-0.9850921729027081
-0.9859402708025486
-0.9867093034811772
-0.9871175124625006
-0.9885177912284764
-0.9884551215921695
-0.9897383425075155
-0.9898034038209482
-0.9907044996619929
-0.9910551941454876
-0.991621860999742
-0.9919055034359135
-0.9927143659224311
-0.9927469079310025
-0.9934297530125377
-0.9936905822062573
-0.9939220135470969
-0.9944377051765484
-0.99443789987135
-0.9950975348408706
-0.9952275291621421
-0.9953509567432106
-0.9958735452813654
-0.9957918636311297
-0.9963792443014183
-0.9962569310274266
-0.9967782885351569
-0.9967351884303116
-0.9968513139673848
-0.9971903765313549
-0.9971535152381609
-0.9976117102342826
-0.9975299850464724
-0.9978204134341875
-0.9977174607352503
-0.9982600681405616
-0.9977912502405417
-0.9984540258850533
-0.9979189826511722
-0.9985055784846352
-0.9983847156974593
-0.9985848620892058
-0.9985931746166493
-0.9986796223184761
-0.9986717593547769
-0.9988211486540218
-0.9988715063869764
-0.9992278775266084
-0.998575511187416
-0.9994264289866673
-0.9986886361305876
-0.9998004354771771
-0.9985882199221664
-0.999800328410996
-0.9986939058027955
-0.9999465047531809
-0.9986742447815202
-0.9998915116497405
-0.9992370082068395
-0.9997214582749016
-0.9991497107665505
-0.9998543060328358
-0.9989891079440633
-1.0002440153634637
-0.9992049532049522
-0.9999693625075016
-0.9994538325533114
-0.9995376803333449
-0.9998825689255573
-0.9994925558449387
-0.9998695213516251
-0.999757321285862
-0.999664801575325
-0.9998792674304117
-0.9998336775047094
-0.9997312970179562
-0.9997299942990342
-0.9999532414901723
-0.9998523514192987
-0.9999196832803401
-0.9997372722336412
-1.000046178693731
-0.9994978212434691
-1.0002191345660967
-0.9997602760991015
-0.9998136627086485
-1.0000467016594186
-0.9995776755625003
-1.0000845295620002
-0.9998124619017322
-1.0080691486809394
-0.9913685765689488
-1.0073618264405573
-0.9928989165677409
-1.0058932670973084
-0.9944975021588793
-1.0043214805187308
-0.9958779134414102
-1.0030088493535145
-0.9970471455055848
-1.0023747987111324
-0.9976420540813247
-1.0018060618777203
-0.9980496933170634
-1.0014031364491263
-0.9985526314141099
-1.0012130406187085
-0.9985143366608403
-1.001069518076224
-0.9988606563754899
-1.000622750524006
-0.9993373685548352
-1.0003968996334727
-0.999542972996529
-1.0002437331741445
-0.99975828457688
-1.0000977967767928
-0.9998399183567288
-0.9999645625644097
-1.0000335743443316
-0.999920590393863
-1.000089702120943
-0.9999189995062167
-1.0001171694136073
-0.9998539067745772
-1.0003005965656988
-0.999732067285463
-1.000196538938061
-0.9998194606848414
-1.0000313406507706
-1.0000305206749893
-0.9998375669219471
-1.0001480093972779
-0.9995454130723891
-1.0001294994699172
-0.9998484722976391
-1.0000435407946215
-0.9998956588008937
-0.9999499026019146
-1.0001923038478242
-0.9996666949362433
-1.000367139022899
-0.9995654453873979
-1.0006998250609036
-0.9993690640846064
-1.000397606188382
-0.9997707513302659
-1.000299978928482
-0.999856633110677
-0.999832859141784
-1.0001607178569663
-0.9995720446810927
-1.0004200749640073
-0.9996426360891911
-1.0003702595635775
-0.999843211232564
-0.9999026238662599
-1.000106894319797
-0.9997570604285044
-1.0003153516436136
-0.9996632257776815
-1.000296926921107
-0.9995500648485899
-1.0005231951832012
-0.9997831196062421
-0.9999993635285161
-1.0000919436042406
-0.9997538603170846
-1.0004214672270597
-0.9993225196399605
-1.0004764040721403
-0.9995291110921692
-1.0002626863274682
-0.9997950599729679
-1.0001623434009947
-0.9998083571346262
-1.000182544924412
-0.9997956775791706
-1.0003023086108436
-0.9995876819850141
-1.0006790368719591
-0.9992269399179771
-1.0004820038290454
-0.9994580620648719
-1.000352673748163
-0.9997519360084193
-1.0004291483006316
-0.9995750658082734
-1.0005884788657489
-0.9994246056923478
-1.000473025151832
-0.9996469805166619
-1.0000336036650528
-0.9999892871048693
-0.9999287011528144
-1.000048430753719
-1.0000619564928568
-0.9999812474488138
-1.0000467064686045
-0.9999257849178214
-1.000024881029003
-0.9999794762273858
-1.000002963861782
-0.9998516753763972
-1.0000282537886458
-0.9999500920330844
-0.999947199798504
-1.0000981611171647
-0.9997624443068935
-1.0001557256271953
-1.0001093466901434
-0.9997797472286027
-1.000360170344078
-0.999518021901495
-1.0003428406800128
-0.9999436003118252
-0.9999216311693137
-1.000054286348555
-1.0000739470487732
-1.0000196052942247
-0.9999113881966651
-0.9998742911634468
-1.000071223705666
-1.000139080321196
-0.9998472927505972
-1.0001152247049816
-0.9998356287048528
-1.0001782517397404
-1.0000300669053015
-0.9998238758922913
-1.0001395276029603
-0.9998616333076444
-1.0002753628038505
-0.9998466352979576
-0.9998471524282825
-1.0001092092516142
-0.9998239436720293
-1.0002279530391072
-0.9996649107723554
-1.000421272908464
-0.9810744555400885
-1.020049822387325
-0.9828995011578345
-1.0159410883413758
-0.9870963445455839
-1.0118982016623508
-0.990489749757965
-1.0087777322545788
-0.9929504298594737
-1.0064885555971035
-0.9949205028800063
-1.0051075454265475
-0.9958913229392756
-1.0037783402818428
-0.997288262520425
-1.0026150717881177
-0.9981331016065074
-1.0018658147801336
-0.9988778246738169
-1.0013020023080517
-0.9991446683833276
-1.0012250809602516
-0.9993539782992744
-1.0008624974917
-0.999558020526539
-1.0003736875132363
-0.999861186293659
-1.0004503144580936
-0.9997623807141763
-1.0005976719241956
-0.9999126770094685
-0.9999984519486056
-1.0001805344319243
-0.9999108633205538
-1.0000284816950042
-1.000023672338438
-1.0000659909496505
-1.000046560052002
-1.0000969093306213
-0.999859581704442
-1.000314130719416
-0.9999064389038776
-1.0001624416099575
-1.000050284877921
-1.0001176550749191
-1.0002000775586897
-0.9997646062837513
-1.0002728695978167
-0.999556746851668
-1.000655368275442
-0.9995306530322988
-1.00016011993071
-1.0002127816301851
-0.9999362173810621
-1.000031089232603
-0.9999472061681032
-1.0000692505090074
-1.0000166615496522
-1.0001579865255783
-0.9999270591426309
-1.0002511542678971
-0.9997340251519139
-1.0001943897130439
-0.9999098458999944
-1.0000675246619564
-0.9996902153193786
-1.0002457891063254
-0.9999486055750247
-1.0000331710504553
-0.9998257145360998
-1.0000906010325565
-0.9997662193936266
-1.000179055748011
-0.9999030648600991
-0.9999405156580619
-0.9999008832198504
-1.0002682337670228
-0.9996338810734781
-1.0004712140900434
-0.9996058623007366
-1.0001540276950869
-0.9998531394115968
-1.0002543076672294
-0.9999692077628621
-1.000065217024238
-0.9999885955211677
-0.9999389669652685
-1.0001335737011967
-0.9997444966392889
-1.0004285355829148
-0.9995879861939346
-1.0005654158395805
-0.9996777352582391
-1.0004303906084562
-0.9994303553747407
-1.0005420556951867
-0.9993920009852729
-1.0005749335334346
-0.9993550806633761
-1.0005272864861057
-0.9995272371882646
-1.0005115081078886
-0.9995936795719523
-1.0003252308155226
-0.9998332825550229
-1.000116845866761
-0.9999312734953939
-1.0000238933689087
-1.0000846671107644
-0.9997252661238424
-1.0004622418376992
-0.9995992242142399
-1.0003773744331383
-0.9995727511411611
-1.0004585796349132
-0.9995691516644636
-1.0004801624352806
-0.9996307787920173
-1.0000976016691727
-0.999980110422912
-0.9998707552613688
-1.000154668906339
-0.9997612386914139
-1.0000542197930393
-0.9999155192056297
-0.9999428411469735
-0.999997729637225
-0.999890814599756
-1.0002464479868127
-0.9996291493137092
-1.0005464652933518
-0.9995997914402595
-1.0002312044276416
-0.9997915461320437
-1.0003554704488595
-0.9997257483817857
-1.000303885944614
-0.9996915826492699
-1.0002331625395686
-0.9998938954828268
-0.9999821894639415
-0.9999829244362214
-1.0000824307971465
-0.9998783906377076
-1.0000465676937647
-1.0000630751724708
-0.9999253028170711
-1.0001042847830501
-1.0000680336980725
-0.999915848896306
-1.0295625451344128
-0.9693894301562873
-1.0269298580896709
-0.9750109384779403
-1.0208240253575387
-0.9807008433941052
-1.0157235511239828
-0.9854712271054875
-1.0117547003383107
-0.9886624846258159
-1.009071133672575
-0.9911947177789621
-1.0067056297465715
-0.9933430939695109
-1.00477750866785
-0.9950323252265781
-1.003656279828288
-0.9960735875180495
-1.0026913108933122
-0.997137368269849
-1.001911623365315
-0.9978917530001643
-1.0014699408427274
-0.9979700063438598
-1.0015145344272762
-0.9984280860380139
-1.001228068761165
-0.9985561158248306
-1.0008549728118976
-0.9988685050986972
-1.000676880444178
-0.999125686831453
-1.0006104996873577
-0.9991035311734187
-1.0006164089863725
-0.9993186793608488
-1.0003802943959612
-0.9994647399157006
-1.000292069512108
-0.9996835372741585
-1.0001311240409985
-0.9993523987330732
-1.000364099496135
-0.9994512359546646
-1.000359597114143
-0.9996731379617528
-1.0001966810001148
-0.9996452552390243
-1.0000415491408352
-0.99981137152061
-1.0001370509555942
-0.9999786174068888
-0.6302518946700191
-0.6823834861415813
-0.43470059950366124
-0.21754393683015982
0.0017583771029410016
0.2335835411305536
0.39166347054762934
0.47360752118478194
0.5416658201739477
0.59558834596181
0.6361279365794908
0.6720769494732768
0.7017962089371649
0.7274318544490304
0.7504914950054147
0.7702721222606541
0.7883354338869684
0.8040882734732234
0.818788115809248
0.8315862868285365
0.8436401808564464
0.8543685472779721
0.8643361907683574
0.8735342696949802
0.8816459815328147
0.8896035520528338
0.8965158233470174
0.9034267736344981
0.9092133486798389
0.9151194174086874
0.9202583841502897
0.9251868135732493
0.9299129183215326
0.9341005549250442
0.9380461563909136
0.9418007285471433
0.9450896153254
0.9485327940240694
0.9514575406340684
0.9542787248688629
0.9569870267424732
0.9596500970971557
0.961700085971636
0.9642963901600908
0.9661666175493013
0.9678141514807942
0.9702558350970504
0.9714665367859113
0.9731819737936779
0.9751980207845884
0.9758356136230906
0.9779366735769754
0.9786341680452926
0.9802613041688575
0.9810338740146503
0.982246943343605
0.9830951746108447
0.9842176434601776
0.985101609466335
0.9858052546844243
0.986886740275463
0.9874235855292095
0.9881879793552458
0.9886998176153453
0.9896369797165034
0.98978307711883
0.99068574101573
0.9910652468440898
0.9915516009285644
0.9919576132471555
0.9926112773055213
0.9928386389223656
0.9933153851337395
0.9935880501944039
0.9940485838705091
0.9944458701801281
0.994397288508707
0.9954304377779912
0.9949529648285355
0.9954634054780843
0.9957815039351765
0.9956095038342574
0.9967956884422285
0.9958943167156709
0.997155491675385
0.9962761210737775
0.9973609772767986
0.9965682000794139
0.9978923755556331
0.9965346066527548
0.9986550363447608
0.9967003379730611
0.9988300787597988
0.9969511936268116
0.999126840478767
0.9972196347301573
0.9990789104289312
0.9975207680606578
1.0369978283484524
0.9588460457433553
1.0338902948693316
0.9662161636332208
1.0257983176900378
0.974082941193868
1.019142929420106
0.9801829133387356
1.0140282114873187
0.9848526517565599
1.0104991645788073
0.9879333448593677
1.0078673053825637
0.9907374376334912
1.0057819758851791
0.9928649535478034
1.0040118459120764
0.9945286223160699
1.0028151561969478
0.9956807940349167
1.00221822960141
0.9965259789106542
1.0012350323832653
0.9975724641748176
1.000869447865838
0.9978351845895901
1.0009165870953713
0.9981745142483736
1.0005354531491601
0.998328312979008
1.000550787243205
0.9985676872260351
1.0005199482858793
0.9986715330700112
1.0003725293191514
0.9989030774769603
1.000371555818049
0.9992675052635039
1.0000871064525019
0.9993287300334486
0.9999836603411876
0.9993472247301206
1.000167085096079
0.9993923891141442
1.0000048707284543
0.9994264096610842
1.0002236348867397
0.9994581106930651
0.9999677507211313
0.9997856832911998
0.9997901173202374
0.9999668194854829
0.9994949580144152
1.0004165136045333
0.9993893770414745
1.00013914560901
0.9995042234594808
1.000458597991713
0.9992037152408917
1.0004469880347244
0.9995376309583833
1.0002346720330642
0.9998363454087532
0.9998686953391399
1.0000965100196073
0.9996944604861422
0.9999806619820237
1.0000050115754648
0.999804287991513
0.9998538370508712
1.0000027851684847
0.9998199403051674
1.0001531565821125
0.9997792266860143
1.0000984448234365
0.9997672904782898
1.0001146076927334
0.9999299710828697
0.9999563101570333
0.9999945260480939
0.9999242628051851
1.0000053472526382
0.999981719964709
0.9998951480001046
1.0000199644126277
0.9997178921864887
1.000255315162337
0.9998379317516427
1.000412790209231
0.9996997458994366
1.0001759372941446
0.999533945349529
1.0003558499257594
0.9996331279056332
1.0003988439950446
0.9994484454543204
1.0005331966689581
0.9994032040764294
1.0004903204003135
0.9995568418958783
1.000223345116231
0.9995379210423754
1.0005012380606388
0.9994987143594599
1.0004944286929303
0.9995460372328514
1.0004447540283448
0.9996160993099101
1.0004136383523938
0.999482857408782
1.0004454158595963
0.9996879955184068
1.0004603554025586
0.9995713418888869
1.0003603827920895
0.9996784400017013
1.0007487291935
0.9992053486562775
1.0009150045241046
0.9993026118237405
1.0008507170652283
0.9993363038384301
1.0005098227879548
0.99961126819216
1.0001913120428103
0.99984634020533
1.000135352683535
1.0000568837699577
0.9997582186454055
1.0003338115023637
0.9995523462950343
1.0003851202623115
0.9998853105894511
1.0001647494173347
0.9998063178809853
1.0001296763115899
0.9999326356305027
1.0000656306608464
1.0000166370099772
0.9999217341480694
1.000310716470455
0.9998998382457327
0.9999849535120702
0.9998923004912293
0.9999718972809584
1.0000722981912187
0.9998782497674301
1.0000608568104428
0.9999449017410236
0.9998368432483878
0.9529331667771003
1.0505784721673623
0.9566120926518575
1.0409567826633084
0.9664981934273822
1.0314260395259143
0.9744445884576136
1.0240197215244404
0.9806000184117257
1.0185339713402537
0.9850196408894701
1.0142333386263445
0.9886552167422917
1.0110667419123023
0.9912396360207378
1.0086527891869372
0.9932711349308925
1.0064905005910258
0.995176146670657
1.0047552533442352
0.9966616854105428
1.0036097360362815
0.9976594718413887
1.0025299745032747
0.9982944026064197
1.0021217853385553
0.9985628671554307
1.0017367565401722
0.9987614933373617
1.0015191436829813
0.9988711335503938
1.0016425764996277
0.9990309434433454
1.0012044784921834
0.9993051535025012
1.0006454961579119
0.9996975449468097
1.000416548874395
1.000027962215267
1.0000937764866467
1.0002759486440707
0.9999385230202321
1.0002695063560854
0.9999800817417205
1.000180173573103
1.000081186458286
1.0000917582078768
1.0002876827248877
1.0002163672930495
0.999690790224334
1.0003753981255525
0.9997404354853379
1.0003070854508584
0.9997726045596492
1.0002702392144427
0.9999408955389808
1.0000999113214237
0.9998890434246271
0.9999266194700089
1.0001478324553057
1.0000600318011992
1.0000611099684877
1.0003192484235865
0.9995096317566988
1.000484235353896
0.9995069330284316
1.000386623492135
0.9997118863364111
1.0003678612151585
0.9999197516183139
1.0001657140754903
0.999940727221176
1.0003525439178291
0.9996436020829543
1.0003562250298443
0.9997812644526173
1.000177157486688
0.9998378849996847
1.000392544022721
0.9996754355682052
1.0003844167361386
0.9996377572507638
1.0003243062163556
0.9995884758031313
1.0005271919444338
0.9995196476945765
1.000290291239176
0.9996937547153494
1.0005313951564059
0.9994355668529068
1.000453317858383
0.999690768820509
1.0002698402407948
0.9997313243060572
1.0000764270311209
0.999786301611109
1.0002459968117712
0.9998486388413071
0.9999354566073749
0.9999889024836345
1.0000180988391272
0.9997904287805133
1.0001013732720536
1.0000953414744198
0.9999302484753355
1.0001445334193504
0.9997325310295974
1.0005352897003446
0.9995821726095453
1.0005820569446777
0.9994597142978069
1.000501798514518
0.9993956515820741
1.0005742061129443
0.9995430214815618
1.0003120951408278
0.9998661479762816
0.9998231520812766
1.0000422922849697
0.9997018130322947
1.0003051382181614
0.9995933838873233
1.0005179942052207
0.999657320555266
1.000243665164311
0.9997972780923928
1.0001879465968548
0.9998146843979576
1.000182492891552
0.9997928006814003
1.0001161938155374
0.9997728440233544
1.0003789447204752
0.9996135605441923
1.0003957674420954
0.9997790970985587
1.000110925523538
0.9998062139630071
1.0002038637228543
0.9997978228722861
1.0005011852962407
0.9996534458543267
1.0003788421482476
0.9997101154986822
1.0003562605139389
0.9995363038367353
1.0003405284230793
0.9999339171367861
0.9997305309796296
1.0000294093588127
1.0170343622234257
0.982475799302913
1.0154812392417691
0.9857887862459355
1.0116009554770795
0.9889623857221539
1.008931390227214
0.9917048435393879
1.0065271165048895
0.9941249536487512
1.0046515094180253
0.9955301465019503
1.003428511777955
0.9966306066362748
1.0026716597224794
0.9975094347028799
1.0016540712641833
0.9981920092361435
1.001217751482063
0.998713752864677
1.0008079466116975
0.9989865203816961
1.0005623288538492
0.9992069257391842
1.0004651016611907
0.9994530820138083
1.00032502619587
0.9995144950766816
1.000041486200722
0.9997787589986847
0.9998927153439329
0.9999436419149921
0.9999753460483459
0.9998958370954103
0.999960399388369
0.9998972642172397
1.0000145967185259
0.9996377869333788
1.0002091954828392
0.9995748464659784
1.0004030390784258
0.999562219423977
1.0002738896665018
0.9995028759290417
1.0003632258878572
0.999578337679403
1.000315508063307
0.9994548293690925
1.0003344602937934
0.9997743789808462
1.0003502541949436
0.9994959733608301
1.000596312571554
0.9993043470484845
1.000727020999737
0.9992277054209991
1.0009344915296903
0.9991389308777952
1.0008906043549923
0.9990500088775232
1.0006914004447995
0.9994483620661277
1.0003526081797665
0.9996414640757705
1.0002596840741727
0.9996268003921616
1.0001640766273538
0.9999383092022357
0.9999874189363127
0.99985495125066
1.0002808991445595
0.9995587033109917
1.0003958362881364
0.9995359656822633
1.000573518872497
0.9996727449387156
1.000200784098353
0.9998209192831721
1.0001510890948961
0.9997320526540918
1.0002313990307734
0.9999548804382127
1.0001723364766788
0.9996798018607009
1.00039681311961
0.9998015975087434
1.0000392469551296
0.9998704461190765
1.0001353193563716
0.9998024399188256
1.0001835481859425
0.9998922692946324
1.0001659281423427
0.9999900570276378
0.9999726842371248
0.9997875904626894
1.000090319990305
0.99984011833751
1.0003195537201561
0.9995287408008681
1.0004957986382066
0.9995315737835879
0.6306419246140264
0.6824266978995591
0.4348597119877843
0.21769698237549898
-0.0016736952423449815
-0.2335125704797581
-0.3916278833294712
-0.47360366915060603
-0.5415848524916063
-0.5955878901697536
-0.6362147824941546
-0.6719635445741399
-0.7016970998599986
-0.7277381642407122
-0.7502769382528137
-0.770282333939057
-0.7883141229923889
-0.8039130974240454
-0.8189066479901085
-0.8314436797929243
-0.8437577221710792
-0.8542802829164214
-0.864207546651137
-0.8735785279796594
-0.8817074593796441
-0.889750147889162
-0.8962909118379419
-0.9036205409720144
-0.9091193376537923
-0.9151592519907776
-0.920292885924047
-0.9252497025656142
-0.9297214471984308
-0.9342760217180555
-0.9378688900207767
-0.9419966238340013
-0.9446355612474399
-0.9490003382211437
-0.9508749813562979
-0.954843099976344
-0.9566439617924135
-0.9598031964486646
-0.9616800559551731
-0.9642645240554641
-0.965938422214277
-0.9680949577739966
-0.9702354577670582
-0.9711339970885814
-0.9821469751248306
-0.9657315416307435
-0.9838116134414568
-0.9708332084061896
-0.9843603830056069
-0.9750605440713962
-0.9848444011192106
-0.9790385521080655
-0.9857936692245377
-0.981549137862762
-0.9871706335862017
-0.9838308546869395
-0.9883063998424851
-0.9859749148390686
-0.9888618210070397
-0.9880744429329011
-0.9899269890991675
-0.9893259487078223
-0.990922590622626
-0.9904662265429257
-0.9919634044592506
-0.9918087456046925
-0.9926059346347804
-0.992684232571908
-0.9931806118630462
-0.9935092073792421
-0.9939721110433298
-0.9944732444252534
-0.9944270089971512
-0.9950930435729654
-0.9950631220439324
-0.9955999213859924
-0.9956863761702237
-0.9959985625914379
-0.9960228418352499
-0.9963205435964677
-0.9966988159853872
-0.9970021251960608
-0.9966871997861201
-0.9973271221897435
-0.9969205925358168
-0.9975889206507452
-0.9973722201809697
-0.9979636258329467
-0.9976179845784571
-0.9981130347756333
-0.9980107813598987
-0.9979382443281545
-0.9986051960300053
-0.9983882776418654
-0.9984888887954569
-0.9985244128509644
-0.9985077857845062
-0.9991108349227779
-0.9985310518223718
-0.9990102386117776
-0.9986438813191557
-0.9992142513621473
-0.9987485506143465
-0.9990681478271116
-0.9991723049419835
-0.9991807149328291
-0.9990778562961403
-0.9995089287397119
-0.9991546290916895
-0.9995203154060199
-0.9992065628857365
-0.999489406949372
-0.9993210152849201
-0.9995002237808714
-0.9996461836617468
-0.9994942183996461
-0.9995914037592197
-0.9996483398063358
-0.9994334818606151
-0.9996512511116201
-0.9994235160070238
-0.9998677563205663
-0.9996532127087415
-0.9994487546213745
-0.9999479781123047
-0.9995395234995292
-0.999853314878351
-0.9995729407299415
-1.0001847002657676
-0.9995206598328933
-1.0001108579329299
-0.9996351487804138
-0.9999443631310738
-0.9996489795075382
-0.9997630042054306
-0.9999491996628134
-0.9996445213850678
-1.000065333827385
-0.9995870875784386
-1.0001122581412267
-0.9996981742359683
-0.9999057354422799
-1.0000019677055207
-0.9998149340188325
-0.9997950380572433
-1.000314841365002
-0.9993261118198502
-1.0005437027674242
-0.9992527935386365
-1.0006338087632183
-0.9994686754675
-1.0005974158737672
-0.9993882340615458
-1.0004285016656795
-0.999252679066247
-1.0006604314078853
-0.9993121692524091
-1.000280210841939
-0.9995568888902485
-1.000453100080053
-0.9995928569616828
-1.0004370516782353
-0.9994625212374237
-1.00044498997661
-0.9996389214969532
-1.0001328555371063
-0.9997266949369913
-1.000119897412571
-0.9998826458160013
-1.0001782011585487
-0.999750119151462
-1.0004296522585598
-0.999549351896081
-1.0002270709875227
-0.9998285844187659
-1.0001471140795741
-1.000117549663359
-0.9996220938780672
-1.000211326633091
-0.9997456647129958
-1.0001439270931887
-0.9998093004933034
-1.000273556146192
-0.9995515824240689
-1.0006113195280526
-0.9995800910983766
-1.0004661715047225
-0.9994699225701432
-1.0002808448597642
-0.9997756576234549
-1.0002196244275612
-0.9999691573846925
-0.999834192196478
-0.9998800611225429
-0.9942766206020704
-1.0060205179976895
-0.9946569594113888
-1.0050642380796648
-0.9957909472585328
-1.0040005408844601
-0.9968058050382684
-1.0029884596014778
-0.9974704610191526
-1.002458725518615
-0.9979903174270461
-1.0020333673439588
-0.9982933632792093
-1.0017234040524856
-0.9986554382484475
-1.0014515965720263
-0.9991060388127789
-1.0006988528153449
-0.9994711031888649
-1.0007098211360894
-0.9995253146971137
-1.0005703082402175
-0.9995336560480176
-1.0005919619681725
-0.9995453033729269
-1.0004229181247073
-0.999600164829302
-1.000457033482638
-0.9997280032912367
-0.9999774688427044
-1.0002469620851595
-0.9995766761089111
-1.0004753578518149
-0.9995842848315848
-1.0005221977632215
-0.999513943632713
-1.0003724624758545
-0.9996495205771522
-1.0002795053414673
-0.9999365065123632
-1.0000745470716896
-0.9998617526815421
-1.000140010698413
-0.9997578375694078
-1.0001608646288038
-0.9997315192603384
-1.0003490313012056
-0.999769747643224
-1.0003357373292794
-0.9997344594761168
-1.0002014596401883
-1.0000155841532032
-1.0001543290146984
-1.0000078240247665
-0.9997487625397827
-1.0004916289117678
-0.9996381039428691
-1.0003712172388115
-0.9998382959871989
-1.0000904043707262
-0.9999773066646865
-0.9998157999821488
-1.0003821861550033
-0.9996144185635377
-1.0004613145379133
-0.9995986374567832
-1.0000495370871252
-0.9999200955178738
-1.0000649089891092
-0.9997649482686791
-1.0002730351796092
-0.9996806114083496
-1.0001991624783793
-0.9997443470807539
-1.0001557042857405
-0.9999207590929892
-1.0002718600619438
-0.9997004442990587
-1.0002292466910585
-0.9998110862141687
-1.0002425243251156
-0.9997467088377225
-1.0000695134337025
-1.0001407292274784
-1.0001700562354052
-1.0000147359903346
-1.0002152596692953
-0.9996972118814735
-1.0003738910323532
-0.9997992920492729
-0.9999803696960359
-0.9998636172741455
-1.0000535474026062
-1.0000038718198692
-0.9999232433262318
-1.000097391241373
-0.9998049903847928
-1.0003399595015345
-0.9996869781228612
-1.0001650871319232
-0.9998512089714683
-1.0001816869497049
-0.9996118776297045
-1.0002581502293117
-0.9996892949105612
-1.0002910542326424
-0.9995139610792307
-1.000413912389119
-0.9996506314254224
-1.000231740023359
-0.9997651358751708
-1.000345721845724
-0.9997281396598492
-0.9998760889267742
-0.9999859475956343
-0.9999693918951185
-1.000098902012728
-0.9998583768978557
-1.0002631239255297
-0.9997954670696996
-1.0002703190335742
-0.9996515039404346
-1.0003042839054201
-0.9996953970866952
-1.0000971430548062
-1.0000292669268234
-0.9998398161870129
-1.000171293257396
-0.9995830023526879
-1.000272583786924
-0.9998893880877735
-1.0002769889839116
-1.0000429721447455
-0.9996528125661492
-1.0004405641817427
-0.9998825441944136
-0.9999919944456842
-1.0001524186382509
-0.9999500613718855
-0.9999669137345791
-1.000148919995007
-0.9996877192816712
-1.0002469643498542
-0.9999425398602896
-1.0001863845129717
-0.9997414606032703
-1.0004676737657565
-0.9996716722861974
-1.000268950906834
-0.9996787380813837
-1.0361612956552166
-0.9628771367833324
-1.0327925569995458
-0.969814548585778
-1.0250478216088248
-0.9768401059979369
-1.018907319685418
-0.9824036616233408
-1.0141954278004663
-0.986593535635884
-1.010596607566869
-0.9896394238412234
-1.008061352811832
-0.9919693010190095
-1.0063334661853942
-0.9934770772317313
-1.004810644732341
-0.9948208447532574
-1.0041723058161722
-0.9954452340377189
-1.0034017878642811
-0.9963164631825984
-1.002498742072193
-0.9972469038592416
-1.0017591496324425
-0.9978923705142311
-1.0013160809931263
-0.9983400429234383
-1.000974782774011
-0.9985796538633718
-1.0007379773507126
-0.9990025393740957
-1.0005530949298667
-0.9990953498528282
-1.0003935384002731
-0.9993485383978135
-1.0005570043271006
-0.9992056963757782
-1.0001909287495854
-0.9995199970351087
-1.000240932902068
-0.9996491853769733
-1.0000182798304111
-0.9998611401300782
-1.000085754210344
-0.9999156998399953
-0.9999239815231481
-0.9999237684521298
-1.000010971937692
-0.999813859825766
-1.0000959410597885
-0.9996232738861264
-1.0003582750810909
-0.999405311018311
-1.0004419985193116
-0.9998121382530424
-1.0001206163442498
-0.9995604995690366
-1.000415715845398
-0.999558527975497
-1.0001522311764182
-0.9997726926042324
-1.0000739223232287
-0.9998395470870303
-1.000002691520339
-1.0001438083745358
-0.9996728412658598
-1.0004394802294292
-0.9994956393539792
-1.000387567067197
-0.9995633197028213
-1.0004711415510932
-0.9996617378836515
-1.0003155631525904
-0.9996921961015622
-1.0002426450880355
-0.999703768699579
-1.0003264365337574
-0.9995284745497001
-1.0005084934780362
-0.9995142774984662
-1.0002502281491386
-1.0000391628129723
-0.9997959884011376
-1.0000499808271104
-0.999822365171328
-1.0002801362139946
-0.9995369919298228
-1.0003572742353086
-0.9996575940608332
-1.0003650874621597
-0.9996645726430184
-1.0001230045875384
-0.9999750094597589
-0.9998473646888218
-1.0002802978438987
-0.9997075950206347
-1.000245743298627
-0.9997853315964192
-1.0001467061641163
-0.999888348311821
-0.9999179691332809
-1.0002018422738082
-0.999616870076569
-1.0003656012705917
-0.9997245701667273
-1.0002160294833677
-0.999797031435371
-1.0002775419608663
-0.999880394307535
-1.0002025689369227
-1.0001437153425465
-0.9999375216482349
-0.9999250717306688
-1.0001344525996692
-1.0000990714426783
-0.9998129193817047
-0.9999256163823207
-1.00034130258443
-0.9997313197974674
-1.0002351776195488
-0.9999169202010468
-0.9999695628865262
-0.9999344029194756
-1.0000052563192299
-1.0001032312275178
-0.9999317507195878
-1.0000618995511432
-0.9998375221320589
-0.9999876190247777
-0.9999825749494373
-0.9999711253150225
-1.0001618880456036
-1.0001839205608232
-0.9998793503591314
-1.0002083791917833
-0.9997280264566901
-1.00025440101511
-0.9998342656492608
-1.000026542288092
-0.9999229928033699
-1.0002023402008966
-0.9997768487666086
-1.0004672580690934
-0.999338157432375
-1.0005010148890718
-0.9994741507284319
-1.0004594987740385
-0.9995354884761644
-1.0003234278979884
-1.029936644531276
-0.9687188397468378
-0.6462271071748017
-0.6758956317478968
-0.43287621432689555
-0.21807841074702067
0.0031274994683520804
0.2349450051977114
0.39218288586765193
0.47402569143365975
0.5419617312328017
0.5958667002807916
0.6365032763161712
0.6720731052853336
0.7020084621815774
0.727575420352203
0.7506092331552934
0.770413384537325
0.7886035583201956
0.8040887767058055
0.8189831064006945
0.8315730033572459
0.8434983960362586
0.8543147857433986
0.8646364532613151
0.8732366614720463
0.8819984592745016
0.8892470427079259
0.8969455668677083
0.9031546804627192
0.9093296781372704
0.9152460694475013
0.9202862387032985
0.9253006099366077
0.929775980493635
0.9341275660117839
0.9379464030432494
0.941822886945895
0.9455447288010662
0.9480945561424665
0.951721930771147
0.9543255268644688
0.9567383884816225
0.9600954763335006
0.961270859737689
0.9648212200655248
0.9655681309560167
0.9686122378550693
0.9695028456924983
0.9720408141392899
0.9731101981236935
0.9750476374002882
0.9761572744717364
0.9773216474463298
0.9791304124839909
0.9797479483986666
0.9813926566791858
0.982006848647152
0.9835537033484484
0.9838092427592257
0.9854329826868778
0.9854733785613342
0.9870323934500039
0.9869576949874104
0.9884657985594226
0.9884759337587185
0.9896601651935797
0.9897426234300227
0.9905816620494514
0.9910702466652811
0.9916008974510468
0.9919887345846797
0.9925413391434539
0.9930210094239221
0.9931351777694062
0.9938565258784229
0.993884032681927
0.9943485213362322
0.9946834227692194
0.9950607967569524
0.9951184851224258
0.9955952756892853
0.9957331849408779
0.9960709919193507
0.9961612483922829
0.9965513319912107
0.9963080809468711
0.9969320061243335
0.997118536181321
0.9968618057007628
0.9976637575870466
0.9969772427985393
0.9982192072661318
0.9973732608640957
0.9983998154287951
0.9974282464538783
0.998421811111367
0.9978754993901191
0.9983695682557009
0.9980357386634039
0.9987919936149299
0.9981881043373547
0.9990183785327021
0.9983117129367869
0.9989235783514359
0.9989622412301039
0.9986575476570142
0.9994072294610716
0.9985530404681644
0.9995138296839915
0.9987607632934946
0.9997207440006339
0.9986530806814241
0.999700101857616
0.9988556759832302
0.9994416826024283
0.9992825833710334
0.9992501673476665
0.9995602705549166
0.9993904534014875
0.9995965865289987
0.9995388774928554
0.9997522926108094
0.999380988676203
0.9998424221130514
0.9996438983480694
0.9995916826086627
0.9996107345427083
0.9995445313164162
1.0001444228282468
0.9991674927794767
1.0000527199797768
0.9994706007436808
1.000040947830599
0.9994374360067924
1.0003473760852408
0.9991672339445988
1.0002455279801032
0.9995801779423935
1.000026612160653
0.9996560222036155
0.9998266116406168
0.9998599918039167
0.9998161799637174
0.9999309489918919
0.9999491185491768
0.9999219373164049
0.9999822957542129
0.9999337787650527
0.9999940672907722
1.0297565118106788
0.9689759852388642
1.027274517622231
0.9746058021260514
1.0211497860130454
0.9801509667275294
1.0161537865079688
0.9847280531739472
1.0122585095693788
0.9882097722103782
1.0092120783364553
0.9908991700586558
1.0068901513270208
0.9931471529241586
1.0052666040425031
0.994835070070763
1.0035405770686856
0.9962662374780256
1.0024873000276247
0.9971853698438868
1.0019435928521776
0.9976381758509368
1.0015225534694814
0.9982357003927058
1.0011573280945105
0.9984048338971608
1.0010013162749007
0.9986822881096665
1.0008665146514917
0.9989570943261865
1.0005850459718364
0.999079667975613
1.0006162224060877
0.9990678069116664
1.0002856495224282
0.9997792809936499
1.0000567634875848
0.9995751046662286
1.0000925765065416
0.9997565386534095
1.0000462471565448
0.9996733441697879
0.9999603480686301
0.9997701090123565
1.0000909155260278
0.9999367800573572
0.9998587568283105
0.9999584799778753
1.0000467326926803
0.9997538670831436
1.0001259727318115
0.9999703337939878
0.9996399791891386
0.9999965828089978
0.9998302364995252
0.9999144024661277
1.0000065187399119
0.9997224427929391
1.0000919558009553
0.9999719374765458
1.0000414563075426
1.0000937461404322
0.999828335639132
1.000110800589529
0.9997280052118772
1.000138767387157
0.9999624252889797
1.0000221902344508
0.9998399099307943
1.000204537230281
0.9999553166163524
1.0000311997641413
0.9999829465913919
0.999938179754604
0.9999130497231217
1.0001671648782982
0.9998447446346294
1.0000615424715495
0.9999249378907549
0.9998234496886369
0.999981652822743
1.0001237609454425
0.9998894687919424
1.0001738174399353
0.9999006385291848
1.0001819033600643
0.9998992620134542
1.000300115400548
0.999533627626956
1.0005918629665311
0.9992881502861144
1.0005755477847342
0.9996876235226968
1.0002424236257426
0.9997645971696966
1.0002723510806553
0.9995770815653633
1.0003287739106885
0.9995461576170841
1.000391800475568
0.9995968843811159
1.000536397058641
0.9994426062911467
1.000484145449675
0.9995559600198967
1.0002774442752702
0.9998822991678469
0.9999732610266968
1.0002356263189205
0.9996351153355536
1.0003285997360247
0.9996957121074812
1.0004057888744975
0.999789033755666
0.9999174993964227
1.0000058710341542
1.0002961913568764
0.9994214935058277
1.0006266778130983
0.99958285453897
1.000227201932828
0.9998832236670168
1.0000231252127445
0.999989760496576
0.999739878549394
1.0003227901669816
0.9997770701001697
1.0003395354279565
0.9997322990682912
1.0001499228179558
0.9997426862396576
1.000372576867344
0.9998282139610519
1.0005615921184043
0.9994017056777839
1.0003776736774073
0.9997260783776424
1.000270218903138
0.9997458777138858
1.0003658260765167
0.9994370870696727
1.0005092960281827
0.9994418309884802
1.0003338693282053
0.999884450361312
0.9998510792466845
1.000249782618238
0.9998052475542418
0.9998940221913419
1.0001870546548424
1.0466065646044855
0.9520976767215298
1.0426585815873537
0.9607665435051364
1.0324700670075655
0.969954612077741
1.0243513532317359
0.9772390668526474
1.0182061095346073
0.9826555126294508
1.0133728399054298
0.9869666370595498
1.0100300087568723
0.9898689218917808
1.0075154026504032
0.9923676198395501
1.00539079827929
0.9944490513281522
1.004015417617896
0.995697988028025
1.002819310794492
0.9966285568867415
1.0020081426427847
0.9974550009694508
1.0015395849362265
0.9980658695400864
1.0010343530303705
0.9987043250108689
1.0004012959115542
0.9991496643417797
1.0003496280535698
0.9992738223425031
0.9999786757626282
0.9996517786787051
0.9998815452894672
0.9997770096117563
0.9999249070205638
0.999643438304154
0.9999820394162907
0.9996748373348173
1.000205810802637
0.9997800853589683
1.000039537694491
0.9996922352556539
0.9999281284139394
0.9998273541918287
0.9998761387242588
1.0000363983546676
0.9998222207152561
0.999707228297488
1.0001715030289313
0.9996021837377336
1.0003206600708505
0.9997039002688078
0.9999506604034298
0.9999239349140507
1.0001274787561947
0.9997898477430311
1.0001935200060068
0.9997779436443222
1.0002443777350973
0.9994608860306616
1.0003480951396528
0.9994853952184165
1.0004716446196293
0.9995438440961808
1.0003066484579137
0.9997337382728672
1.0001545231157685
1.0000990641754297
0.9997821113789667
1.000093238751325
0.9996462672924793
1.000607046376527
0.9991446859831098
1.0005012729194498
0.9996478006058365
1.0000515965372512
1.0000174701137903
0.9997403252899297
1.0001088616014928
0.9998700881804989
1.000103728701121
0.9998356601767033
1.0002958000076143
0.9998561972174257
0.9999070754543995
1.0001547984708097
0.9997878554506084
1.0001238490086444
0.9997421545401152
1.0002867495340062
0.9996545073809702
1.0000784577765187
0.9998625065076264
1.000223045324068
0.999548075277951
1.0005836755610196
0.9993370051389941
1.0006379109730914
0.9993753948367308
1.0007419549325653
0.9993735606132655
1.0005785629360833
0.9994253747896988
1.00043469953924
0.9996307931249849
1.0003551685835947
0.9998791299453753
1.0001957132084183
0.9998587958860045
1.0002186765292451
0.9996686789334809
1.0003781845587436
0.9997303789838707
1.0003317448548454
0.999763074417383
1.0002142226795223
0.9998170784410321
1.0000633113722017
0.999577637549787
1.0005146603119908
0.9996865528792511
1.0002974090518626
0.9997502776837477
1.0002631765919052
0.9997068751384719
1.0002552136899847
0.9996364192959976
1.000313738237164
0.9996545090167295
1.0003897573946
0.9995686139094565
1.0004169021228166
0.9995938178567806
1.0004894356233598
0.9994358502685134
1.0004831809173826
0.9995488967670152
1.0003381321927183
1.0000052287070231
0.9999057530401257
0.9999593848896363
1.000189056689746
0.9996591924049353
1.0002765423486628
0.9997494264428777
1.0003440763156608
0.9996665851730214
1.0003943124582644
0.9809472189617707
1.0201285383829501
0.9822989756274265
1.0165002995286154
0.9864243820270895
1.012442319748611
0.9898251370450918
1.0096668813372098
0.9921719230874797
1.0074655322670214
0.994016447711725
1.005764826986383
0.9955962917852301
1.0043938605960467
0.996579617930429
1.0032058852817636
0.9976157535961538
1.002254866372452
0.9985169492866339
1.0015816714611536
0.9988577138635436
1.001149518146648
0.9993201375006762
1.000729370399503
0.9997402012113119
1.0005458745687896
0.9995867670725935
1.0005456124492351
0.999825388243147
1.0004337480553407
0.9999689466953802
1.000568265076794
0.9994427261366753
1.0008211277553074
0.9996287079565773
1.0003973240610733
0.9996904635168696
1.0005158290396174
0.999503644748811
1.0003761124669408
0.9998331702284986
1.0003172694120515
0.999834943885678
1.000076493140333
1.0000255960321265
0.9998356971277036
1.0001029333774833
1.000073228192226
1.000007502550379
0.9998564138853495
1.0001027123114135
1.0001241327191543
0.6304074889850608
0.6823265294067403
0.4348564583777542
0.21781060524399237
-0.0015989615111262775
-0.23343389863169803
-0.39152580063131814
-0.4735548173870984
-0.5416648319755363
-0.595523331713041
-0.63621434228833
-0.6720372116929562
-0.7015388998499943
-0.7278645953662758
-0.7500578936817845
-0.7706794748574387
-0.7880692597285102
-0.8044391956398614
-0.8183047298974704
-0.831987988077618
-0.8433881089352475
-0.8545456635259295
-0.8642879589645002
-0.8734892653689168
-0.8818583009426417
-0.8893020035305033
-0.8967882894067414
-0.903166198228833
-0.9093792969690506
-0.9148335973963851
-0.9204970202813753
-0.9248970813322442
-0.9301611868140501
-0.9335276860863517
-0.9385246778546547
-0.9413078485619458
-0.9456038340298754
-0.9483642941939874
-0.9515334467355894
-0.9543433296699356
-0.9569190628822386
-0.9597066946803957
-0.9615144968994462
-0.9646067993682886
-0.96572059934628
-0.9683949884796047
-0.9698028127522966
-0.9717544150804635
-0.9734549901517419
-0.9746186409150437
-0.9764109953743871
-0.9776104774436759
-0.9786289442332482
-0.9803849538023274
-0.9809328708264593
-0.9824226511421427
-0.9831204949399245
-0.9841924802407223
-0.9852314468309012
-0.9855684525959661
-0.9868925779537706
-0.9873163763612364
-0.9880336755373554
-0.9887630296575112
-0.9895480435337205
-0.9896395461894678
-0.990850523969287
-0.9908749044349284
-0.9916455240120069
-0.9918915794900222
-0.9925060298347171
-0.9928292641271563
-0.9932261730848864
-0.9937567357863983
-0.9937177492968218
-0.994818334756467
-0.9942733343883006
-0.9952127551137981
-0.9950158534305595
-0.9956574553123628
-0.9956827454868291
-0.9961757159350711
-0.9959503957546085
-0.9967112068773828
-0.9963366551634324
-0.9970419884261092
-0.9967419123540439
-0.9974609265661536
-0.9971500888507504
-0.997484108648368
-0.9976872060645332
-0.9975397873190226
-0.9977774987966509
-0.9980845515295399
-0.9980726205036808
-0.9981722548879907
-0.99816680774757
-0.9985737492300215
-0.9790981407181197
-1.0191873013000143
-0.98079322304567
-1.0153568162902482
-0.9851246700658091
-1.011358179221013
-0.9884792254979617
-1.008676951350795
-0.9911991686958905
-1.0065015771208399
-0.9929754477463519
-1.005167627131478
-0.9944480466833953
-1.0038296058847958
-0.9958471706428167
-1.0028830279595626
-0.9966950386214212
-1.0023657812252877
-0.9973363651086065
-1.0017199505237877
-0.997795145622934
-1.001136416690363
-0.998447072511248
-1.0008169074742908
-0.999013536986026
-1.0003646867832932
-0.9991070810547288
-1.0002851433608266
-0.9993150798809876
-1.0001655641851073
-0.9994091271602025
-1.0001199326993273
-0.9995295810853444
-1.0001602504264044
-0.9996641447578632
-0.9997989031443775
-0.9999193617692345
-0.9997646435759034
-0.999919390781943
-0.9998567379207903
-1.000071044062883
-0.9999229575302706
-0.9998242813336695
-1.000261209252808
-0.9993636505835227
-1.0003130275079792
-0.9993181675221461
-1.0002994999912753
-0.9997270987093927
-1.0001697852019091
-0.9996667015062273
-1.0000832590640087
-0.9997793333787885
-1.0001072767287027
-0.9996780738857419
-1.0001929986242144
-0.9998435897515395
-1.0002298533171912
-0.9996479929452226
-1.0004468940574183
-0.9995081857295172
-1.0005556785885574
-0.9993692073099724
-1.0004432287544456
-0.9994308866262848
-1.0003982374159566
-0.9996390690520885
-1.0003970486348728
-0.9997090492127679
-1.0001241796826532
-0.999876979372532
-1.0002018317038794
-0.9997245232291833
-0.9998947969696725
-1.0000089137337271
-0.9998622351181676
-0.9999626923191449
-1.0000184343162308
-1.0001571269936853
-0.9998530355737024
-1.0000142691454943
-0.9999934141364442
-0.999887865657469
-1.0000529702965855
-0.9998226629165307
-1.0001588465641644
-0.9998883960397406
-1.000201355366173
-0.9999851415288958
-1.0001040742799825
-1.0001176187490146
-0.9998461705924838
-1.0002521561688145
-0.9995933336624698
-1.0004716446507598
-0.9997195226051936
-1.000300757045557
-0.9995654140505613
-1.0002626774132415
-0.9998641110848514
-1.000274016021222
-0.999668286248484
-1.0003745824103702
-0.9995535695326753
-1.0003586790833168
-0.9996713576077005
-1.0002450723018188
-0.9997076197492383
-1.0003519450121312
-0.9998618216298695
-1.0000406150379013
-0.9999699781308435
-1.0000665471430579
-0.9998904104664742
-1.0001253068124862
-0.999953418432863
-0.9998417853341958
-1.0001264654647362
-0.9995841369202496
-1.0004691371123162
-0.9996396666702421
-1.0003424016754607
-0.9997247091853998
-1.0004108794355213
-0.9995093397905072
-1.0006318570368766
-0.9992986915252811
-1.0006139544712047
-0.9993129925536729
-1.0009086195999082
-0.9990779794255614
-1.000601224433776
-0.9995852524312181
-1.0003370032452699
-0.9996212297547431
-1.0001977209950461
-0.9999619579521628
-1.0000251959789583
-0.9999443067021856
-1.0002699045168648
-0.9995970109093261
-1.000339282933945
-0.9995536254986701
-1.0004286466948265
-0.999676658409245
-1.0003202548360546
-0.9998183534226728
-1.0000780889010268
-1.0001104872043691
-0.9999475785079455
-0.9622658235175436
-1.0403771703309204
-0.9651582730061327
-1.032988257758828
-0.9728674263244219
-1.0252868008400722
-0.9794374380904333
-1.0193300666246163
-0.984365525374931
-1.0150628522611658
-0.9878100800234294
-1.0116611882772053
-0.9907731055669041
-1.0087689387130456
-0.9933600213849118
-1.0062835266191124
-0.9951523787570512
-1.0050462756086196
-0.9964022011260423
-1.0036500778468025
-0.9971848646020719
-1.0032658498147058
-0.9975341189697288
-1.0026958882798662
-0.9979547901203266
-1.0022310276969006
-0.9984433656377714
-1.0018988403547402
-0.9985453142174865
-1.001676117531681
-0.9987072299480579
-1.0012822056132693
-0.9991701401940859
-1.001104428249935
-0.9992266062520149
-1.0007562884210348
-0.9996673029514588
-1.0007335560504758
-0.999578094706316
-1.000407130972862
-0.9998203346087791
-1.000285299304496
-0.9998999936179034
-1.0001291249640112
-1.0003303657092761
-0.9999355902034244
-1.0001044265758936
-1.0001353905805104
-1.0001398289346248
-1.000065458696962
-1.0000204704389395
-0.999989538975106
-1.0001603302420203
-1.000012656510017
-1.0001977891760827
-0.9997303062816613
-1.000389811989049
-0.9994678939564932
-1.0006677278424778
-0.999572450514488
-1.000321558578334
-0.9999887804698046
-1.000205225778265
-1.000000264467132
-0.9999698895455816
-0.9998837913762254
-0.9998828257939552
-1.0001894437856609
-0.9997481089946619
-1.0002890142467327
-0.9997959875652621
-1.0001893694206252
-0.9998501531944866
-0.9999345829773698
-1.0002572625501602
-0.99979335648668
-1.0003067253566766
-0.9999024820830291
-1.0001254964372002
-1.0001769691860944
-0.9999937827835541
-0.9997162333023081
-1.0002173154318206
-0.9998873894741075
-1.0000870806130384
-0.9999916305779215
-0.9998555723184676
-1.0002322468530218
-0.9993692069178415
-1.0006450823932138
-0.9994784303302379
-1.0005949555675246
-0.9992917383691333
-1.000781043645991
-0.999108639633446
-1.0007661503870087
-0.9996440289112413
-1.0002043251819108
-0.9998483007774787
-1.0001573028982516
-0.9998666621762673
-1.000123214776
-0.9995940704169699
-1.0004469989097773
-0.9994917054127356
-1.0005868277238956
-0.9994378941862258
-1.0004838532164828
-0.9996976265415471
-1.0000144599378284
-1.000076628948421
-1.0000956209765597
-0.9999343478903144
-1.0001924132954814
-0.9997720784053739
-1.0002777323585705
-0.9997368285894698
-1.0004687813279243
-0.9996222085965004
-1.0004147912679406
-0.9995954209892834
-1.000419575725829
-0.99963058322603
-1.0003261447014433
-0.9996622967249911
-1.000202285127915
-0.9999815050101494
-1.000003726416496
-0.9999582698192411
-1.000030447720067
-0.9999066318743436
-1.000264420167394
-0.9997728513422234
-1.0003092646036171
-0.9997318700018022
-1.0002769434130447
-0.999807301910392
-1.0002949478088088
-0.9995847734028892
-1.0005758386532162
-0.9991624273115155
-1.0008299689961437
-0.9992477463963886
-1.0008714232902869
-0.9993385907523379
-1.0004769163717235
-0.9996073237242868
-0.999971554062383
-1.000014942573239
-1.0000988443971246
-0.9603892785423669
-1.0423663494126454
-0.963128042147159
-1.0349641431798526
-0.9713002698069244
-1.026801660917716
-0.9782712909501757
-1.0205595070556464
-0.9831837907107392
-1.0157568172424707
-0.9874535433833017
-1.012244417981514
-0.9904934428051484
-1.0094108242778228
-0.9926376107346855
-1.0072068551401672
-0.9943313989322106
-1.00574949599312
-0.9957585244615222
-1.003961695340462
-0.9968984792032771
-1.0032786226398938
-0.9977977060866481
-1.0025084806040427
-0.998361772982479
-1.0019837906428606
-0.998606972318148
-1.0016208520881578
-0.9989503681108591
-1.0012200838980796
-0.9992123723724754
-1.000813421908532
-0.9998108263060247
-1.0002662402746447
-0.9999092155862384
-1.0002582569037315
-1.0000419603475532
-1.00026788974399
-0.9999545299525288
-1.0001641959235923
-1.0002665519782423
-0.9999680463365413
-1.0000548688980464
-1.000235825932286
-0.9998936396953996
-1.0003967267551404
-0.9997936340373225
-1.0001919817575582
-0.9996952353134549
-1.0005210467620382
-0.9998255512469385
-1.000314169832805
-0.9998051592656189
-1.0004544326030584
-0.9995176688107725
-1.0006221027775388
-0.999463834692105
-1.000625572737124
-0.9994595864350647
-1.0003461799571813
-0.9998269676333557
-1.000244388682956
-0.9998254018320919
-1.000160419841874
-0.9998714668851101
-1.0002123917223733
-0.9996460069058744
-1.0003987214728476
-0.9998550028980066
-1.0002236814448673
-0.9998898536216172
-1.0002026184219879
-0.9999479637070757
-1.0000074762700009
-1.0001076578167052
-0.9998399767196888
-1.000068350806644
-1.0001149477503328
-0.999865953258782
-1.0002083612485202
-0.9996710536906502
-1.0001953791747829
-0.9998596598548509
-1.0001036263163572
-0.9999044624975089
-1.0001674776548477
-0.999734945515465
-1.0002447904952065
-0.99991797687178
-0.9998939424765141
-0.9998936601676266
-1.0001022349128785
-0.9999849846867148
-0.999950444606746
-1.000136538813296
-0.9999695076538231
-1.000101240728847
-0.9999475589871265
-0.9999526929502117
-0.9997186307816971
-1.00041537371806
