0.0
0.0
0.07
0.04279032739576078
0.05072808352473492
0.06316931270806032
0.07000854996814855
0.07808125986817616
0.08639276832607198
0.09432431933471032
0.10220540734386932
0.11000770250220347
0.1176953217635078
0.1252836379816264
0.132772127465938
0.1401589778919047
0.14744520247769632
0.15463123042611512
0.16171750639053753
0.1687047301143595
0.17559367438428677
0.18238520112782627
0.18908026560423852
0.19567989828025678
0.20218519712689012
0.20859731993644107
0.21491747595749117
0.22114691855919447
0.2272869383822611
0.23333885693295806
0.23930402069558118
0.2451837957177917
0.2509795626487243
0.2566927122134667
0.26232464110003856
0.26787674823585106
0.2733504314304579
0.2787470843610677
0.28406809387766035
0.2893148376050581
0.29448868181997134
0.29959097958187475
0.304623069097498
0.309586272299711
0.3144818936226311
0.31931121895583947
0.3240755147616654
0.32877602734054906
0.33341398223053176
0.33799058372792046
0.34250701451714
0.3469644353987079
0.3513639851051382
0.3557067801954132
0.3599939150194376
0.3642264617446181
0.3684054704373962
0.3725319691931948
0.37660696430882856
0.3806314404919744
0.38460636110280083
0.3885326684233233
0.3924112839504751
0.39624310870928137
0.4000290235828792
0.40376988965645894
0.4074665485725035
0.4111198228949732
0.41473051648033993
0.41829941485359645
0.42182728558757876
0.4253148786841246
0.4287629269557614
0.43217214640677565
0.4355432366126485
0.4388768810969754
0.4421737477050991
0.4454344889737831
0.4486597424963573
0.4518501312828366
0.45500626411459805
0.45812873589326425
0.46121812798350426
0.4642750085495101
0.4672999328849663
0.47029344373635806
0.47325607161951627
0.4761883351293182
0.479090741242502
0.4819637856135764
0.48480795286382355
0.4876237168634281
0.4904115410067677
0.49317187848092287
0.49590517252748223
0.4986118566977165
0.501292355101223
0.503947082648132
0.5065764452849891
0.5091808402244219
0.5117606561687136
0.5143162735273982
0.5168480646290107
0.5193563939271113
0.5218416182007162
0.5243040867492624
0.5267441415822368
0.5291621176035998
0.5315583427911315
0.5339331383708269
0.5362868189864743
0.5386196928645327
0.5409320619744422
0.5432242221844827
0.5454964634133066
0.5477490697772605
0.5499823197336134
0.5521964862198085
0.5543918367888427
0.5565686337408933
0.5587271342512897
0.5608675904949406
0.5629902497673144
0.5650953546020763
0.5671831428854748
0.5692538479675764
0.5713076987704361
0.573344919893296
0.5753657317148991
0.5773703504930021
0.5793589884611686
0.5813318539229251
0.5832891513433556
0.5852310814382119
0.5871578412606111
0.5890696242853933
0.5909666204912062
0.5928490164403877
0.5947169953567069
0.5965707372010287
0.5984104187449664
0.6002362136425727
0.6020482925001399
0.603846822944149
0.6056319696874399
0.6074038945936373
0.6091627567398964
0.6109087124780124
0.6126419154939396
0.6143625168657711
0.6040225299047124
0.6253028203550035
0.6153428108079977
0.6231473115723992
0.6219076164098529
0.6248535526984957
0.625932228045248
0.6277896527587186
0.6293079317058277
0.6309483550040376
0.632524148917775
0.6341102805652203
0.6356771148279072
0.6372365716684768
0.638784081671685
0.6403216339066844
0.6418485868958334
0.6433653621788566
0.6448719420844344
0.6463684900092257
0.6478550898667021
0.6493318577011093
0.6507988929933948
0.6522563003901661
0.6537041798911789
0.6551426314237085
0.656571752740556
0.6579916404632579
0.6594023896211214
0.6608040939173594
0.6621968456382381
0.6635807357379412
0.6649558538347191
0.6663222882508736
0.6676801260295864
0.6690294529627591
0.6703703536123433
0.6717029113342384
0.673027208300061
0.6743433255192575
0.675651342860286
0.676951339071555
0.678243391801777
0.6795275776199367
0.6808039720347816
0.682072649513908
0.6833336835024151
0.6845871464411611
0.6858331097846169
0.6870716440183386
0.6883028186760585
0.6895267023564126
0.6907433627393093
0.6919528666019461
0.6931552798344912
0.694350667455428
0.6955390936265793
0.696720621667814
0.6978953140714468
0.6990632325163368
0.7002244378816915
0.7013789902605905
0.7025269489732195
0.7036683725798454
0.7048033188935131
0.7059318449924906
0.7070540072324587
0.7081698612584533
0.7092794620165646
0.7103828637654052
0.7114801200873435
0.7125712838995157
0.7136564074646157
0.7147355424014726
0.7158087396954199
0.7168760497084558
0.7179375221892109
0.7189932062827114
0.7200431505399636
0.7210874029273389
0.7221260108357891
0.7231590210898745
0.724186479956624
0.7252084331542221
0.7262249258605322
0.7272360027214559
0.7282417078591329
0.7292420848799902
0.7302371768826315
0.731227026465589
0.7322116757349185
0.7331911663116638
0.7341655393391731
0.7351348354902842
0.7360990949743803
0.7370583575443044
0.7380126625031641
0.7389620487109917
0.7399065545913033
0.7408462181375212
0.7417810769192917
0.7427111680886839
0.7436365283862778
0.744557194147141
0.7454732013067072
0.7463845854065344
0.7472913815999792
0.748193624657754
0.7490913489734005
0.7499845885686528
0.7508733770987218
0.7517577478574714
0.7526377337825195
0.7535133674602379
0.754384681130675
0.7552517066923867
0.7561144757071911
0.7569730194048325
0.7578273686875774
0.7586775541347198
0.7595236060070224
0.760365554251069
0.7612034285035592
0.7620372580955138
0.762867072056427
0.7636928991183326
0.7645147677198174
0.765332706009954
0.7661467418521833
0.7669569028281163
0.7677632162412915
0.7685657091208514
0.7693644082251775
0.7701593400454504
0.770950530809163
0.771738006483571
0.7725217927790886
0.773301915152632
0.7740783988109046
0.7748512687136347
0.7756205495767577
0.7763862658755499
0.77714844184771
0.777907101496396
0.7786622685932089
0.7794139666811344
0.7801622190774362
0.7809070488765019
0.7816484789526505
0.7823865319628882
0.8104545934288825
0.7615955920343749
0.8018585895911634
0.772433255909009
0.7954969029096628
0.7796811549334166
0.7926072645728426
0.7842809160624352
0.7916822769359382
0.7874222907133395
0.7918124859256525
0.7897685868716057
0.7925079839994676
0.7916773073184747
0.7935055575294748
0.7933415698540253
0.7946630292829084
0.7948662410015461
0.7959031805915567
0.7963085938565525
0.7971838647607437
0.7977001025919696
0.7984819799098645
0.7990581829202104
0.7997848229929533
0.8003925490751277
0.8010853992060105
0.8017086737729077
0.8023798633206679
0.8030096811986608
0.8036661165112051
0.8042973880498034
0.8049430328347126
0.805572878999493
0.8062100306323036
0.8068368264206656
0.8074668338538172
0.8080896689214957
0.8087133384916712
0.809331711542268
0.8099495374763248
0.8105631822704094
0.8111754782483411
0.8117842640790097
0.8123912386834293
0.8129951131838092
0.8135969133748133
0.8141958695032723
0.8147926057881417
0.8153866626865903
0.8159784237614556
0.8165676156104277
0.8171544769191379
0.817738846423188
0.8183208751858083
0.8189004697518707
0.8194777279350105
0.8200525974238045
0.8206251435057056
0.8211953389059278
0.8217632289326475
0.8223288015787503
0.8228920898015144
0.8234530909129838
0.8240118301769732
0.8245683105884799
0.825122552573417
0.8256745625786964
0.8262243579506386
0.8267719472143432
0.8273173457240002
0.8278605632342833
0.8284016137829393
0.8289405078284819
0.8294772585141567
0.8300118766758672
0.8305443748273214
0.8310747639788221
0.831603056182006
0.8321292624953462
0.8326533946150849
0.8331754635695267
0.8336954807681412
0.8342134571607047
0.8347294039146181
0.835243331871592
0.8357552519865594
0.8362651749754839
0.836773111600853
0.8372790724426815
0.8377830680849302
0.8382851089661906
0.8387852055019009
0.8392833679867443
0.839779606675117
0.8402739317171943
0.8407663532121661
0.8412568811662913
0.841745525528306
0.842232296161886
0.8427172028693448
0.8432002553735676
0.8436814633339859
0.8441608363347607
0.8446383838956444
0.8451141154642962
0.8455880404237518
0.8460601680874735
0.8465305077045631
0.8469990684566269
0.8474658594614779
0.8479308897712113
0.8483941683748892
0.8488557041974228
0.8493155061015725
0.8497735828873645
0.8502299432936287
0.8506845959977704
0.8511375496169917
0.8515888127083014
0.8520383937695151
0.8524863012394238
0.852932543498643
0.8533771288698819
0.853820065618686
0.8542613619537746
0.8547010260277036
0.855139065937249
0.85557548972401
0.8560103053748201
0.8564435208223083
0.8568751439453255
0.8573051825694697
0.8577336444675246
0.8581605373599578
0.8585858689153579
0.8590096467509168
0.8594318784328634
0.8598525714769271
0.8602717333487707
0.8606893714644362
0.861105493190775
0.8615201058458783
0.861933216699502
0.8623448329734849
0.8627549618421675
0.8631636104327984
0.8635707858259463
0.8639764950558956
0.8643807451110517
0.8075606988766175
0.9187617757787511
0.8199895849741594
0.9055789410552928
0.8334710220125485
0.8951779578860775
0.8434945631539614
0.8879868218463465
0.85089456783205
0.8830816328671336
0.8564198349977336
0.8797897033586823
0.8606055160404047
0.8776408590606777
0.8638316430620774
0.8763047538268266
0.8663686522249718
0.8755480485092304
0.8684093826628362
0.875205226969172
0.8700916053322821
0.8751584699246667
0.8715139372470391
0.8753236538219049
0.8727471078216551
0.8756405487365916
0.8738419483588123
0.8760659224554175
0.8748350667482585
0.8765686698261315
0.8757528845757665
0.8771263609094662
0.8766145141170669
0.8777227872801773
0.8774338122754263
0.8783462130498567
0.8782208496730748
0.8789881250035982
0.8789829634603403
0.8796423372339892
0.8797255132923384
0.8803043482209293
0.8804524252522471
0.8809708781307173
0.8811665839947517
0.8816395350780155
0.8818701160379546
0.8823085738838327
0.8825645948353165
0.8829767213222789
0.8832511895267158
0.8836430492654391
0.8053155262049521
0.8996526064127869
0.8070918370654693
0.8735518700638422
0.8089465977200342
0.8505882233948582
0.8069769583787554
0.8310524608545319
0.801841713679644
0.8140782234071472
0.7943129954987078
0.7988972494363787
0.7850509994278024
0.7848933420316869
0.7745767725632894
0.7716007666679316
0.7632745151485835
0.7586871835184974
0.7514095034724153
0.7459285041002881
0.739153173919454
0.7331817323002823
0.726608836442886
0.7203602111396356
0.7138339835975844
0.7074136646538832
0.7008574685644542
0.6943136590006908
0.6876914868039864
0.6810439348561892
0.6743392195084941
0.6675945125520167
0.660799312924171
0.6539583934071533
0.6470682945357307
0.640129870749213
0.6331417750685334
0.6261037460597733
0.6190150040631439
0.6118750082115804
0.6046831153848479
0.5974387291758615
0.5901412407900863
0.5827900535006766
0.5753845761843621
0.5679242274281986
0.5604084368061371
0.5528366469077705
0.5452083155534387
0.5375229180859025
0.5297799499182358
0.5219789292490544
0.5141193999988376
0.506200934963263
0.49822313919717526
0.49018565363887895
0.4820881589835023
0.47393037981402614
0.46571208899703187
0.4574331123489347
0.4490933335766474
0.4406926994944378
0.43223122551613746
0.4237090014187688
0.4151261973700461
0.4064830702080387
0.39777996995652354
0.3890173465541625
0.3801957567696176
0.3713158712680456
0.3623784817870995
0.35338450837266533
0.34433500661610533
0.3352311748258741
0.32607436105712684
0.31686606991352884
0.30760796902607285
0.29830189510459343
0.2889498594491025
0.2795540528003939
0.27011684940296316
0.26064081014855073
0.2511286846659879
0.2415834122229379
0.23200812130801593
0.222406127768048
0.2127809313852329
0.20313621079298846
0.1934758166474354
0.18380376299384063
0.17412421679375586
0.1644414856087273
0.15476000346980032
0.14508431499787208
0.13541905787734768
0.1257689438234389
0.11613873822058814
0.10653323864459474
0.057867410591293966
0.0918387918877974
0.08012648324255346
0.06712591896622506
0.05950941311316146
0.050119121549829816
0.040605522282720095
0.03144077158376944
0.022270123939426824
0.01315274934523947
0.004122891880823967
-0.004832931429630264
-0.01371006972946991
-0.022503663215865
-0.031211673439906662
-0.039831537748604394
-0.048360837451876686
-0.05679753111073889
-0.06513978938823024
-0.07338601299087885
-0.0815348425475875
-0.08958514443308745
-0.0975360035606157
-0.10538671549991843
-0.11313677652094888
-0.12078587332056832
-0.12833387230049711
-0.1357808084470016
-0.14312687403927993
-0.1503724073089961
-0.1575178811626014
-0.1645638920733023
-0.17151114923000726
-0.17836046401592975
-0.18511273987626004
-0.19176896262128004
-0.19833019119959094
-0.20479754896565477
-0.21117221545656778
-0.2174554186849122
-0.22364842794762899
-0.22975254714504204
-0.23576910859937059
-0.24169946735819706
-0.24754499596532234
-0.2533070796791431
-0.25898711211703046
-0.2645864913030962
-0.27010661609610803
-0.27554888297409286
-0.2809146831522703
-0.2862054000113322
-0.2914224068136657
-0.29656706468586863
-0.30164072084677757
-0.30664470706118907
-0.31158033830047777
-0.3164489115923639
-0.3212517050431553
-0.32598997701684995
-0.33066496545653434
-0.335277887334536
-0.3398299382187744
-0.34432229194370123
-0.3487561003751256
-0.3531324932590754
-0.3574525781456497
-0.3617174403795827
-0.36592814314994504
-0.3700857275920693
-0.37419121293540886
-0.37824559669160446
-0.3822498548775631
-0.3862049422688461
-0.3901117926791041
-0.3939713192617186
-0.3977844148301821
-0.40155195219410167
-0.405274784508023
-0.40895374563056813
-0.4125896504916368
-0.41618329546567445
-0.41973545874921353
-0.4232469007411095
-0.4267183644240619
-0.4301505757461823
-0.43354424400151553
-0.4369000622085533
-0.4402187074859099
-0.4435008414244216
-0.4467471104550491
-0.4499581462120392
-0.45313456589088114
-0.4562769726006734
-0.4593859557105706
-0.46246209119004494
-0.46550594194274403
-0.4685180581337723
-0.4714989775102678
-0.4744492257151772
-0.4773693165941682
-0.4802597524956418
-0.4831210245638403
-0.48595361302505735
-0.488757987466986
-0.4915346071112519
-0.49428392107919344
-0.49700636865096653
-0.4997023795180583
-0.5023723740293075
-0.5050167634305317
-0.5076359500978745
-0.5102303277649863
-0.512800281744157
-0.5153461891415265
-0.517868419066494
-0.5203673328354603
-0.5228432841700245
-0.525296619389768
-0.5277276775997579
-0.5301367908728941
-0.532524284427231
-0.5348904767984058
-0.5372356800072925
-0.5395601997230126
-0.5418643354214251
-0.5441483805392157
-0.5464126226237064
-0.5486573434785041
-0.550882819305101
-0.5530893208405416
-0.5552771134912696
-0.5574464574632555
-0.55959760788852
-0.5617308149481508
-0.5638463239919145
-0.5659443756545633
-0.5680252059689325
-0.57008904647592
-0.572136124331441
-0.574166662410447
-0.5761808794080924
-0.5781789899381324
-0.5801612046286412
-0.5821277302151155
-0.5840787696310552
-0.5860145220960836
-0.5879351832016902
-0.5898409449946551
-0.5917319960582347
-0.6459352938969327
-0.5645260982630532
-0.6131471035340498
-0.5919942159044235
-0.6036314068119807
-0.6016124408183158
-0.6047672814692351
-0.606112292315602
-0.6079997260314124
-0.609730671325948
-0.6114720744366028
-0.6132050697233866
-0.6149186940717611
-0.6166244366878961
-0.6183155158789224
-0.6199956212849375
-0.6216632420489996
-0.6233192387990102
-0.6249634451367436
-0.6265961167667017
-0.6282173371570579
-0.6298272540059995
-0.6314259875919771
-0.6330136656370924
-0.6345904103599412
-0.636156343290724
-0.6377115835782343
-0.639256248652397
-0.6407904540397988
-0.6423143134803447
-0.6438279389353813
-0.6453314406333698
-0.6468249271008812
-0.6483085051977936
-0.6497822801498048
-0.6512463555808751
-0.6527008335446186
-0.6541458145550658
-0.6555813976166504
-0.657007680253513
-0.6584247585381087
-0.6598327271191498
-0.6612316792488985
-0.6626217068098263
-0.6640029003406583
-0.6653753490618164
-0.6667391409002852
-0.6680943625138998
-0.6694410993150927
-0.6707794354940935
-0.6721094540416068
-0.6734312367709855
-0.6747448643398956
-0.676050416271508
-0.6773479709752142
-0.6786376057668786
-0.6799193968886542
-0.6811934195283463
-0.6824597478383707
-0.6837184549542774
-0.6849696130128881
-0.6862132931700302
-0.6874495656178906
-0.6886784996019955
-0.6899001634378265
-0.6911146245270802
-0.692321949373583
-0.6935222035988657
-0.6947154519574122
-0.6959017583515831
-0.6970811858462288
-0.6982537966829951
-0.6994196522943334
-0.7005788133172148
-0.701731339606565
-0.7028772902484223
-0.7040167235728189
-0.7051496971664095
-0.706276267884828
-0.7073964918648092
-0.7085104245360488
-0.7096181206328375
-0.7107196342054519
-0.7118150186313217
-0.7129043266259729
-0.7139876102537515
-0.7150649209383378
-0.7161363094730502
-0.7172018260309454
-0.7182615201747243
-0.71931544086644
-0.7203636364770188
-0.721406154795596
-0.7224430430386696
-0.7234743478590798
-0.7245001153548141
-0.7255203910776437
-0.7265352200415965
-0.7275446467312672
-0.7285487151099712
-0.7295474686277421
-0.7305409502291834
-0.7315292023611657
-0.7325122669803873
-0.7334901855607885
-0.73446299910083
-0.735430748130638
-0.7363934727190147
-0.7373512124803212
-0.738304006581235
-0.7392518937473822
-0.7401949122698505
-0.7411331000115828
-0.7420664944136569
-0.7429951325014489
-0.7439190508906895
-0.744838285793408
-0.7457528730237752
-0.7466628480038353
-0.7475682457691433
-0.7484691009742979
-0.7493654478983788
-0.7502573204502894
-0.7511447521740007
-0.7520277762537149
-0.7529064255189222
-0.7537807324493903
-0.7546507291800476
-0.755516447505797
-0.7563779188862414
-0.7572351744503253
-0.7580882450009044
-0.7589371610192296
-0.7597819526693623
-0.7606226498025082
-0.7614592819612845
-0.7622918783839091
-0.7631204680083264
-0.7639450794762562
-0.7647657411371835
-0.7655824810522763
-0.7663953269982404
-0.7672043064711104
-0.768009446689981
-0.7688107746006699
-0.7696083168793325
-0.7704020999360035
-0.7711921499180941
-0.7719784927138238
-0.7727611539556015
-0.8245884517439555
-0.7336744464417396
-0.8062864695904665
-0.7531096355268135
-0.7930677676909771
-0.7653472371457225
-0.7867323960907144
-0.7724991910300469
-0.7841385719871331
-0.7769549491158748
-0.7834804193209538
-0.7799982029956919
-0.7838237381188801
-0.782295578809205
-0.7846856934128906
-0.7841940478066617
-0.7858150973016983
-0.7858751948987509
-0.787080435657811
-0.7874346263041232
-0.7884124519739071
-0.7889230046589736
-0.7897744882481675
-0.7903673654758149
-0.7911470602825471
-0.7917822517055702
-0.7925197849997656
-0.7931755627072411
-0.7938871299110054
-0.794551644158437
-0.7952461619193384
-0.7959129296453833
-0.7965953481852958
-0.7972608176992517
-0.7979339138008021
-0.7985961429716434
-0.7992614958271462
-0.799919430764694
-0.8005779559522065
-0.8012310352831681
-0.8018832785081671
-0.8025312151396216
-0.803177514673162
-0.8038201748183458
-0.8044607517930181
-0.8050980875737923
-0.8057330964374545
-0.8063651081507529
-0.8069946650041087
-0.8076213798955939
-0.8082455784913708
-0.8088670387606604
-0.8094859595850235
-0.8101022155789538
-0.8107159310352344
-0.8113270373707944
-0.8119356147564231
-0.8125416281058946
-0.8131451313338224
-0.8137461091573616
-0.8143445997597208
-0.8149405995803958
-0.8155341372998205
-0.8161252162905634
-0.8167138594334495
-0.8173000741840865
-0.8178838798356961
-0.8184652862243186
-0.8190443103832639
-0.8196209635082412
-0.8201952611736305
-0.82076721532094
-0.8213368405515319
-0.8219041491826645
-0.8224691551393204
-0.8230318708911557
-0.8235923098692145
-0.8241504845608095
-0.8247064080162904
-0.8252600926596098
-0.8258115512315529
-0.8263607960443866
-0.8269078395747135
-0.8274526939947416
-0.8279953715464555
-0.8285358842458481
-0.8290742441200792
-0.8296104630202638
-0.83014455277246
-0.8306765250588447
-0.8312063915143001
-0.8317341636508263
-0.8322598529196596
-0.8327834706631144
-0.8333050281547797
-0.8338245365688258
-0.8343420070062026
-0.8348574504751068
-0.8353708779082056
-0.8358823001502579
-0.8363917279695642
-0.8368991720501862
-0.7550710852823013
-0.8494326615664672
-0.7619125320667562
-0.8185967230051083
-0.7655798696014328
-0.7941961426236585
-0.7628701313316332
-0.7749395236692116
-0.7558953465112958
-0.7587769364454411
-0.7463039673521925
-0.7443293254390834
-0.7351661328521251
-0.7307414359594497
-0.7231279837081418
-0.7175129561959382
-0.7105540147233229
-0.7043679229416956
-0.6976354868369464
-0.6911626554025344
-0.6844647513025132
-0.6778260334558917
-0.6710817582387693
-0.6643238452158158
-0.6575007509896041
-0.6506392156151927
-0.6437243350345845
-0.6367627496564656
-0.6297502789956421
-0.6226879993391706
-0.615574524810292
-0.6084095778018405
-0.6011924093065079
-0.5939224658640684
-0.5865991271988285
-0.5792218042719334
-0.5717899092380883
-0.5643028658258168
-0.5567601097588152
-0.549161090599942
-0.5415052743757247
-0.533792145771176
-0.5260212108522784
-0.5181919998545665
-0.5103040702303233
-0.5023570099118397
-0.4943504408092229
-0.4862840225544969
-0.5289050270717184
-0.44723693087098126
-0.4686799583235645
-0.45257478925327027
-0.44419342226576947
-0.43689422254768623
-0.4277559807059763
-0.4193967661155168
-0.41077154018765355
-0.40207600998295473
-0.39335620303653673
-0.3845597851649576
-0.37570864357337697
-0.3668000902262512
-0.357833663540571
-0.3488115055124798
-0.3397343604117216
-0.33060352285890104
-0.3214204636102907
-0.3121867450604271
-0.30290412450072635
-0.2935745275354129
-0.2842000545066596
-0.274782988939493
-0.26532579921894384
-0.25583114150936603
-0.24630186140314006
-0.23674099406958676
-0.22715176314322438
-0.21753757808990953
-0.20790202994983514
-0.19824888538096702
-0.18858207892319806
-0.17890570343616527
-0.16922399869200697
-0.15954133813507473
-0.14986221385574391
-0.1401912198622078
-0.13053303377187722
-0.12089239708169983
-0.1112740942129839
-0.10168293055985354
-0.09212370979994415
-0.08260121075011605
-0.07312016406771212
-0.06368522910832473
-0.054300971253557755
-0.04497184001657918
-0.035702148219420235
-0.026496052514398603
-0.01735753549347476
-0.008290389594836401
0.0007017970231704645
0.00961565251303755
0.01844803119036121
0.027196021167940235
0.03585694977516295
0.044428386806410335
0.05290814567872826
0.06129428261093126
0.06958509396298361
0.07777911189561132
0.08587509852553792
0.09387203876163704
0.10176913201198275
0.10956578295172684
0.1172615915375312
0.12485634244657773
0.13234999410765852
0.13974266747918088
0.1470346347147597
0.1542263078419912
0.16131822756454406
0.1683110522823019
0.17520554740931643
0.18200257505507986
0.1887030841213027
0.19530810085415035
0.2018187198808336
0.2082360957496074
0.21456143498360972
0.22079598865153477
0.22694104545182772
0.23299792530183216
0.23896797341903905
0.24485255487817367
0.25065304962523377
0.2563708479276465
0.2620073462383744
0.2675639434509656
0.27304203752214545
0.2784430224385074
0.2837682855041167
0.2890192049263318
0.294197147677828
0.2993034676136261
0.3043395038228566
0.30930657919598015
0.31420599918923264
0.3190390507691231
0.3238070015208776
0.32851109890578756
0.33315256965344686
0.3377326192758737
0.34225243169147374
0.3467131689477303
0.3511159710323785
0.3554619557636582
0.3597522187510148
0.3639878334183531
0.3681698510826348
0.37229930108124254
0.37637719094213173
0.38040450659133473
0.38438221259288863
0.3883112524167292
0.3921925487305173
0.3960270037117621
0.39981549937696764
0.40355889792485733
0.4072580420910374
0.41091375551173337
0.414526843094487
0.4180980913939308
0.4216282689909625
0.4251181268738369
0.42856839881985553
0.43197980177649925
0.4353530362409815
0.43868878663733274
0.44198772169023726
0.44525049479494916
0.4484777443827083
0.4516700942811544
0.4548281540693252
0.4579525194268747
0.46104377247722717
0.46410248212441757
0.46712920438343364
0.47012448270390716
0.4730888482870421
0.47602282039570787
0.47892690665764326
0.48180160336175765
0.48464739574752713
0.4874647582875106
0.49025415496302754
0.4930160395330508
0.49575085579638917
0.4984590378472368
0.4764002740192255
0.5157441859105669
0.5019797895391143
0.5101496337389957
0.5116977378171764
0.514099877347841
0.5168905309009967
0.5192541221856647
0.5217963656981988
0.5242440747097057
0.5266862498652461
0.5291059935965325
0.5315016532439236
0.5338774819889889
0.5362314630218531
0.5385648753140515
0.5408777199510646
0.5431703494885651
0.5454430612477945
0.5476961259410483
0.5499298303222696
0.5521444439055992
0.5543402355775848
0.5565174674651334
0.5586763968847248
0.5608172761577955
0.5629403526694142
0.5650458690767245
0.5671340633693185
0.5692051690047467
0.5712594150079353
0.5732970260790077
0.5753182226951983
0.5773232212103732
0.5793122339519988
0.5812854693152882
0.5832431318548895
0.585185422374039
0.5871125380113207
0.5890246723250766
0.5909220153755449
0.5928047538047931
0.5946730709145096
0.5965271467417158
0.5983671581324659
0.6001932788135839
0.6020056794625065
0.6038045277752773
0.6055899885327564
0.6073622236650874
0.6091213923144841
0.6108676508963744
0.61260115315896
0.6143220502412293
0.6160304907294765
0.6177266207123615
0.6194105838345617
0.6210825213490496
0.6227425721680402
0.6243908729126444
0.6260275579612644
0.6276527594967724
0.6292666075525
0.6308692300570787
0.6324607528781606
0.6340412998650511
0.6356109928902877
0.6371699518901897
0.6387182949044118
0.6402561381145289
0.6417835958816763
0.6433007807832759
0.6448078036488706
0.6463047735950941
0.6477917980597985
0.6492689828353614
0.6507364321012011
0.6521942484555132
0.6536425329462584
0.6550813851014131
0.6565109029585137
0.6579311830935001
0.6593423206488943
0.6607444093613116
0.6621375415883449
0.6635218083348164
0.6648972992784341
0.6662641027948527
0.6676223059821657
0.668971994684835
0.6703132535170842
0.6716461658857541
0.6729708140126515
0.6742872789563906
0.6755956406337479
0.6768959778405425
0.6781883682720492
0.6794728885429643
0.6807496142069283
0.6820186197756203
0.6832799787374366
0.6845337635757582
0.6857800457868278
0.6870188958972306
0.6882503834810091
0.6894745771764013
0.6906915447022242
0.691901352873909
0.6931040676191934
0.6942997539934825
0.6954884761948844
0.6966702975789326
0.6978452806729973
0.6990134871903958
0.700174978044213
0.7013298133608299
0.7024780524931784
0.7036197540337193
0.7047549758271568
0.7058837749828902
0.7070062078872182
0.7081223302152861
0.7092321969428029
0.7103358623575109
0.7114333800704371
0.7125248030269057
0.7136101835173468
0.7146895731878754
0.7157630230506729
0.7168305834941563
0.7178923042929516
0.71894823461767
0.7199984230444942
0.7210429175645771
0.7220817655932618
0.723115013979116
0.7241427090128041
0.725164896435776
0.7261816214488015
0.7271929287203327
0.7281988623947159
0.7291994661002402
0.730194782957042
0.7311848555848535
0.7321697261106123
0.7331494361759271
0.7341240269443998
0.735093539108821
0.7360580128982241
0.7370174880848139
0.7245929377499745
0.7492800128538429
0.7324982484438778
0.7458699531112244
0.7383784326234563
0.7449762283073874
0.7420926670217014
0.745575035515167
0.7447647252132811
0.746841840176188
0.7469598528460857
0.7483971042507143
0.7489313341091837
0.7500722336291444
0.7507921053618637
0.7517921030954648
0.7525929543521893
0.7535230349495163
0.7543569880945975
0.7552498762541987
0.7560948810890233
0.7569658233717796
0.7578116750850091
0.7586678662835546
0.7595098370022435
0.7603547315853179
0.7611906456713599
0.7620259459660897
0.7628548259339777
0.7636814063658024
0.7645028409770576
0.7653211811358981
0.7661350282131433
0.7669454173665333
0.7677516629658853
0.7685542973921835
0.7693529885794774
0.7701480182536941
0.7709392307913229
0.7717267819572233
0.7725106046722415
0.7732907908483406
0.7740673180293086
0.7748402454264506
0.7756095731119471
0.7763753433310324
0.7771375674974824
0.777896278893761
0.7786514945762916
0.7794032429650452
0.7801515438394622
0.7808964228738202
0.7816379010676714
0.7823760024517855
0.7831107484696604
0.7838421620883402
0.7845702647941949
0.7852950787995852
0.7860166254274131
0.7867349263031532
0.7874500024815544
0.7881618750947966
0.7888705648781177
0.7895760925247156
0.7902784784270396
0.7909777428726472
0.7916739059027401
0.7923669874212582
0.7930570071175065
0.7937439845276385
0.7944279389924982
0.7951088896928287
0.7957868556265512
0.796461855629385
0.7971339083629063
0.7978030323270087
0.7984692458539645
0.7991325671162887
0.7997930141241486
0.8004506047306156
0.8011053566309433
0.8017572873663193
0.8024064143241811
0.8030527547410932
0.8036963257036345
0.8043371441507552
0.8049752268749725
0.805610590524408
0.8062432516041412
0.8068732264780454
0.8075005313702138
0.8081251823666596
0.808747195416768
0.8093665863348989
0.8099833708018367
0.8105975643663217
0.8112091824464795
0.8118182403312957
0.8124247531820183
0.8130287360335827
0.8136302037959847
0.8142291712556572
0.814825653076816
0.8154196638027921
0.816011217857345
0.8166003295459587
0.817187013057118
0.8177712824635743
0.8183531517235823
0.8189326346821361
0.8195097450721729
0.8200844965157749
0.8206569025253427
0.821226976504765
0.8217947317505608
0.8223601814530203
0.8229233386973147
0.8234842164646107
0.8240428276331483
0.8245991849793282
0.8251533011787626
0.8257051888073315
0.8262548603422114
0.8268023281628983
0.8273476045522169
0.827890701697312
0.8284316316906352
0.8289704065309091
0.8295070381240921
0.8300415382843145
0.8305739187348214
0.8311041911088853
0.8316323669507242
0.832158457716392
0.8326824747746735
0.8332044294079543
0.8337243328130903
0.834242196102259
0.8347580303038062
0.8352718463630776
0.8357836551432413
0.836293467426104
0.8368012939129094
0.8373071452251366
0.8378110319052781
0.8383129644176184
0.8388129531489952
0.8393110084095571
0.8398071404335065
0.8403013593798413
0.8453440052048607
0.8372541528373216
0.7628650194317507
0.851683778263685
0.7679778975842074
0.822332064104484
0.7707218198127956
0.7986591273901638
0.7676488738424492
0.7797145707843426
0.7605961172468604
0.7636741896939437
0.7510492972300877
0.7492782768337773
0.739996559541249
0.7357266414958408
0.7280491767007103
0.7225396408800331
0.7155606945592549
0.7094460010799928
0.702721559976373
0.6963008079453107
0.6896263949742281
0.683030474806882
0.6763175457301428
0.6695987896692139
0.6628109188321579
0.6559876524701075
0.6491100584147037
0.6421870402963219
0.6352131875732053
0.6281902252831257
0.6211164373158057
0.6139917061169611
0.6068152049386537
0.5995864108842164
0.5923046853123007
0.5849694393618505
0.5775800765970832
0.570136013338571
0.5626366756686052
0.5550815020228854
0.5474699455511298
0.5398014761262506
0.5320755829652007
0.5242917772291639
0.5164495949149108
0.5085485999380132
0.50058838744761
0.492568587379344
0.48448886825371096
0.4763489412302812
0.468148564424449
0.45988754749319016
0.45156575649429087
0.44318311902149105
0.4347396296155353
0.42623535544815255
0.4176704422725508
0.4090451206300042
0.4003597122975348
0.39161463695648163
0.3828104190559203
0.3739476948384138
0.3650272194884487
0.35604987435618196
0.34701667420082144
0.33792877438918023
0.32878747797578617
0.3195942425815447
0.310350686978524
0.30105859727920886
0.291719932619794
0.2823368302191304
0.27291160968810024
0.2634467764589352
0.2539450242006883
0.24440923608618578
0.23484248477775366
0.22524803100424895
0.21562932061079443
0.20598997997542437
0.1963338097037834
0.18666477653415442
0.17698700341033458
0.1673047577089617
0.15762243764035846
0.14794455687714525
0.13827572750191452
0.12862064140312368
0.11898405028585841
0.10937074449996065
0.09978553092085428
0.0902332101469286
0.0807185533003175
0.07124627873427261
0.06182102895923964
0.05244734810065082
0.0431296601941261
0.03387224860835652
0.024679236862912683
0.015554571078379516
0.006502004260675063
-0.002474917418524278
-0.011372866226175869
-0.0201887422822249
-0.028919680753131956
-0.03756305683626114
-0.04611648858642445
-0.05457783767154993
-0.06294520817535479
-0.07121694359050294
-0.07939162216570962
-0.08746805078458067
-0.0954452575628101
-0.1033224833540651
-0.11109917235396571
-0.1187749619866162
-0.12634967224982788
-0.1338232946841747
-0.1411959811180083
-0.14846803232617098
-0.1556398867249534
-0.16271210921036022
-0.16968538023140742
-0.17656048517532025
-0.18333830412741947
-0.190019802055368
-0.19660601945544373
-0.20309806348768655
-0.20949709961716748
-0.21580434377024607
-0.2220210550074723
-0.22814852870869615
-0.2341880902608953
-0.24014108923512467
-0.2460088940357462
-0.2517928870026149
-0.2574944599450784
-0.26311501008541716
-0.26865593638861046
-0.27411863625498845
-0.2795045025523611
-0.28481492096451466
-0.2900512676335034
-0.2952149070738738
-0.30030719033779935
-0.30532945341104895
-0.3102830158207137
-0.315169179436672
-0.3346900665304356
-0.3206118147541827
-0.3296743239463814
-0.33452250643588477
-0.338277438250405
-0.3431280451472317
-0.3475281839761865
-0.35189496696089634
-0.3562504135946167
-0.36052467227517426
-0.3647506072265431
-0.3689238110431803
-0.37304339963942407
-0.37711213354356465
-0.3811303821703704
-0.38509916241926107
-0.3890194747302278
-0.3928921982662506
-0.3967182433738905
-0.4004984880502609
-0.4042337893994078
-0.4079249875387089
-0.41157290243143235
-0.41517833562788103
-0.41874207042559364
-0.42226487216358755
-0.42574748868245366
-0.42919065067531464
-0.43259507207404996
-0.4359614504300728
-0.43929046728918625
-0.44258278856547134
-0.4458390649102731
-0.4490599320767228
-0.4522460112792337
-0.45539790954745557
-0.4585162200744184
-0.461601522558555
-0.4646543835393749
-0.4676753567266083
-0.47066498332267726
-0.4736237923383872
-0.47655230090177164
-0.47945101456004485
-0.48232042757464794
-0.48516102320939236
-0.48797327401173346
-0.4907576420872086
-0.49351457936710913
-0.4962445278694497
-0.4989479199533251
-0.5016251785667427
-0.504276717488035
-0.506902941560959
-0.5095042469235963
-0.5120810212311717
-0.5146336438729152
-0.5171624861830877
-0.5196679116463
-0.5221502760972557
-0.5246099279150411
-0.5270472082120996
-0.5294624510180109
-0.5318559834582156
-0.5342281259278008
-0.536579192260483
-0.5389094898929121
-0.5412193200244164
-0.5435089777723161
-0.5457787523229238
-0.5480289270783479
-0.5502597797992199
-0.5524715827434541
-0.554664602801156
-0.5568391016257845
-0.5589953357616753
-0.561133556768034
-0.5632540113394929
-0.565356941423336
-0.5674425843334893
-0.5695111728613652
-0.5715629353836589
-0.5735980959671823
-0.5756168744708223
-0.5776194866447105
-0.5796061442266826
-0.5815770550361103
-0.5835324230651825
-0.5854724485677091
-0.5873973281455235
-0.5893072548325515
-0.5912024181766207
-0.5930830043190674
-0.5949491960722183
-0.5968011729948007
-0.5986391114653448
-0.6004631847536374
-0.6022735630902869
-0.604070413734449
-0.6058539010397735
-0.6076241865186212
-0.6093814289045996
-0.6111257842134726
-0.612857405802486
-0.6145764444281554
-0.6162830483025665
-0.6179773631482237
-0.6196595322514945
-0.6213296965146884
-0.6229879945068083
-0.6246345625130159
-0.626269534582844
-0.6278930425771969
-0.629505216214165
-0.6311061831137013
-0.6326960688411729
-0.6342749969498416
-0.6358430890222821
-0.6374004647107866
-0.6389472417767706
-0.6404835361292159
-0.6420094618621739
-0.643525131291358
-0.6450306549898479
-0.6465261418229328
-0.6480116989821146
-0.6494874320182998
-0.6509534448741923
-0.6524098399159224
-0.6538567179639206
-0.6552941783230647
-0.656722318812116
-0.6581412357924658
-0.6595510241962116
-0.6609517775535753
-0.6623435880196924
-0.6637265464007733
-0.6651007421796735
-0.6664662635408634
-0.6678231973948414
-0.6691716294019822
-0.6705116439958441
-0.6718433244059567
-0.6731667526800865
-0.6744820097060088
-0.6757891752327916
-0.6770883278916021
-0.6783795452160586
-0.6796629036621242
-0.6809384786275681
-0.6568975538552411
-0.7014156173572108
-0.6732958152012396
-0.6928597836731016
-0.6832756898513773
-0.6907911089755896
-0.6883838948457198
-0.6916947486071923
-0.6916909965310368
-0.6935958131843002
-0.6943803485098415
-0.6958073596745268
-0.6968471589068089
-0.6981037392400069
-0.6992215732771405
-0.7004109056261778
-0.7015470807063112
-0.7027044403695517
-0.7038386336089867
-0.7049763658347431
-0.7061016461665829
-0.7072242297531723
-0.7083382897361914
-0.7094474610122201
-0.710549611448698
-0.711646134159886
-0.7127362583838316
-0.7138205442634367
-0.714898728990017
-0.7159710585777572
-0.7170374617886011
-0.7180980641775173
-0.7191528672437493
-0.7202019493352637
-0.7212453394922448
-0.7222830969285564
-0.723315260832637
-0.7243418821890275
-0.7253630035717528
-0.7263786720352117
-0.7273889308899354
-0.7283938249865002
-0.7293933973333623
-0.7303876912891891
-0.731376749159248
-0.732360613117244
-0.7333393246189467
-0.7343129247961719
-0.7352814542114975
-0.7362449530305267
-0.7372034609203723
-0.7381570171277497
-0.7391056604386016
-0.7400494292157139
-0.7409883613845336
-0.7419224944531393
-0.7428518655093235
-0.7437765112327356
-0.7446964678967832
-0.745611771377211
-0.7465224571560239
-0.7474285603283665
-0.7483301156072456
-0.749227157329538
-0.7501197194609741
-0.751007835601649
-0.7518915389910265
-0.7527708625131314
-0.7536458387014655
-0.7545164997439664
-0.755382877487791
-0.756245003444081
-0.7571029087926009
-0.7579566243863294
-0.7588061807559495
-0.7596516081142777
-0.7604929363606105
-0.7613301950849996
-0.762163413572455
-0.7629926208070791
-0.7638178454761291
-0.7646391159740151
-0.7654564604062267
-0.766269906593202
-0.7670794820741248
-0.7678852141106656
-0.7686871296906564
-0.7694852555317118
-0.770279618084781
-0.7710702435376544
-0.7718571578184019
-0.772640386598765
-0.7734199552974866
-0.7741958890835934
-0.7749682128796225
-0.7757369513647959
-0.7765021289781481
-0.7772637699216001
-0.7780218981629867
-0.778776537439037
-0.7795277112583044
-0.7802754429040566
-0.7810197554371139
-0.7817606716986469
-0.7824982143129324
-0.7832324056900618
-0.7839632680286102
-0.7846908233182669
-0.7854150933424197
-0.7861360996807056
-0.7868538637115187
-0.7875684066144805
-0.7882797493728749
-0.7889879127760424
-0.789692917421744
-0.7903947837184802
-0.7910935318877886
-0.7917891819664921
-0.7924817538089258
-0.7931712670891244
-0.7938577413029779
-0.7945411957703568
-0.7952216496372049
-0.7958991218776029
-0.7965736312957985
-0.7972451965282102
-0.7979138360453994
-0.7985795681540168
-0.7992424109987143
-0.7999023825640402
-0.8005595006762929
-0.8012137830053608
-0.8018652470665283
-0.8025139102222572
-0.8031597896839461
-0.8038029025136584
-0.8044432656258333
-0.805080895788966
-0.8057158096272681
-0.806348023622303
-0.8069775541145996
-0.8076044173052418
-0.8082286292574357
-0.8088502058980584
-0.8094691630191805
-0.8100855162795694
-0.8106992812061753
-0.811310473195588
-0.8119191075154861
-0.8125251993060532
-0.8487326966992318
-0.7836732000455524
-0.8388685323140075
-0.7957313747682875
-0.8304916820116734
-0.8043717373593283
-0.8257899309636739
-0.8100888616899009
-0.8234025328760639
-0.814013444617655
-0.8224035541251968
-0.8168511503962307
-0.8222378453979179
-0.8190267150762626
-0.8225732030892355
-0.8207960644271419
-0.8232098629464039
-0.8223139439278293
-0.8240271357587848
-0.823674277405167
-0.8249517939006189
-0.8249343014169325
-0.8259392320858048
-0.8261290426322193
-0.8269621822943871
-0.8272800319546251
-0.8280039221509177
-0.8284005684805097
-0.8290541697149668
-0.8294989110413206
-0.830106591740731
-0.8305802204782414
-0.8311572851729563
-0.8316477460944636
-0.832203848115087
-0.8327035531299616
-0.8332448092556678
-0.8337489704815435
-0.8342792761221431
-0.8347848672734761
-0.8353067174317557
-0.8358118243342657
-0.8363268279253443
-0.8368302409038635
-0.837339444123798
-0.8378404012779003
-0.8383444916373733
-0.8388425165817609
-0.8393419520962512
-0.8398367510507069
-0.8403318423259594
-0.8408232386232393
-0.7592981875210844
-0.8536698284834332
-0.765705693774082
-0.8232129868379463
-0.7692578749282418
-0.7988918776772902
-0.7666507035329923
-0.7795841652078397
-0.7598506308524254
-0.7633484612873626
-0.7504317364318255
-0.7488513135882707
-0.7394381043586766
-0.7352483043582273
-0.7275141341784707
-0.7220347322173912
-0.7150316896140979
-0.7089260040183505
-0.7021906535818151
-0.695770601121877
-0.6890901602783317
-0.6824918983982244
-0.6757745482562554
-0.6690523949389752
-0.6622605303648811
-0.655433490320059
-0.6485519465496228
-0.6416249855794931
-0.6346471168132402
-0.6276200975973554
-0.6205422001066498
-0.6134133103914715
-0.6062326012927339
-0.5989995499988904
-0.5917135185615634
-0.5843739184234734
-0.5769801539055635
-0.569531642054047
-0.5620278099046538
-0.5544680969812062
-0.5468519577088463
-0.5391788634265046
-0.5314483050250728
-0.5236597955643824
-0.5158128731810687
-0.5079071041901609
-0.49994208641851945
-0.49191745277741733
-0.48383287508122036
-0.47568806812258435
-0.4674827940107516
-0.45921686677927465
-0.45089015726749837
-0.4425025982780527
-0.43405419001012513
-0.4255450057652819
-0.41697519791911514
-0.4083450041479509
-0.3996547538952159
-0.39090487505681437
-0.3820959008589752
-0.3732284768954943
-0.3643033682841321
-0.35532146689412936
-0.34628379858848013
-0.33719153041576855
-0.3280459776771992
-0.31884861078505566
-0.30960106181940167
-0.3003051306806344
-0.29096279072679243
-0.28157619377662063
-0.2721476743526888
-0.2626797530337251
-0.25317513878221015
-0.24363673011260817
-0.23406761496782072
-0.224471069176976
-0.21485055337683578
-0.20520970829224186
-0.1955523482882986
-0.1858824531284569
-0.17620415789823365
-0.1665217410836753
-0.15683961082638823
-0.14716228941232537
-0.1374943960886683
-0.1278406283410245
-0.11820574180056896
-0.10859452898641024
-0.09901179712099703
-0.08946234528450701
-0.07995094119663536
-0.07048229792999029
-0.06106105086757896
-0.05169173521711188
-0.042378764386867517
-0.03312640951180344
0.0516018117340292
-0.022322919741333068
-0.010306891571193195
0.005686325209885076
0.011251609069958373
0.020036932433200212
0.02918258394300027
0.03768710954938773
0.04622609121679149
0.05470817248241492
0.0630686401134042
0.0713377627468321
0.07951211214164476
0.08758686985402284
0.09556252124387309
0.10343831752837701
0.11121350795046037
0.11888779770708388
0.1264610142436231
0.1339331411457723
0.1413043354263903
0.14857490039334947
0.15574527587882786
0.1628160286994079
0.1697878409603974
0.17666149949667637
0.1834378857264461
0.19011796580366788
0.19670278127318833
0.2031934402179101
0.20959110890568336
0.21589700395329814
0.22211238500725158
0.22823854793627577
0.23427681852651785
0.2402285466656208
0.24609510099879756
0.2518778640375655
0.25757822769997213
0.2631975892599218
0.26873734768248336
0.27419890032173655
0.2795836399577506
0.2848929521495911
0.2901282128817946
0.29529078648245616
0.30038202379192475
0.3054032605620419
0.3103558160668651
0.3152409919068682
0.32006007098967476
0.3248143166714451
0.32950497204409696
0.33413325935456156
0.3387003795432797
0.34320751189009613
0.347655813756626
0.35204642041503553
0.35638044495399845
0.360658978253358
0.36488308901975264
0.3690538238761309
0.3731722074987111
0.3772392427955286
0.3812559111212413
0.38522317252337474
0.3891419660156367
0.3930132098743597
0.39683780195451285
0.4006166200220827
0.4043505220999468
0.40804034682465884
0.4116869138118357
0.41529102402808776
0.41885346016765157
0.4223749870320894
0.42585635191161547
0.42929828496675715
0.43270149960923326
0.43606669288105204
0.43939454583096443
0.4426857238875198
0.4459408772280696
0.449160641143154
0.45234563639579983
0.4554964695753109
0.4586137334452202
0.4616980072851152
0.46474985722611095
0.46776983657978455
0.4707584861604355
0.4737163346005624
0.4766438986594914
0.47954168352511256
0.48241018310870676
0.48524988033287625
0.4880612474125977
0.49084474612945145
0.4936008280990775
0.49632993503193895
0.4990324989874698
0.5017089426217047
0.5043596794284914
0.506985113974394
0.5095856421273989
0.5121616512795453
0.5147135205636002
0.517241621063905
0.5197463160215151
0.5222279610337707
0.5246869042484168
0.5271234865524126
0.5295380417555503
0.5319308967690209
0.5343023717790487
0.5366527804157243
0.538982429917163
0.5412916212891098
0.5435806494601135
0.5458498034323959
0.5480993664285233
0.5503296160340077
0.552540824335945
0.5547332580578024
0.5569071786904647
0.5590628426196471
0.5612005012497757
0.5633204011244399
0.5654227840435148
0.5675078871770488
0.5695759431760131
0.5716271802800031
0.5736618224219788
0.5756800893301371
0.5776821966269924
0.5796683559257536
0.5816387749240742
0.583593657495255
0.5855332037769698
0.5874576102575958
0.5893670698602083
0.5912617720243205
0.593141902785423
0.5950076448524
0.5968591776828729
0.5986966775565437
0.6005203176465856
0.602330268089152
0.6041266960510429
0.6059097657955984
0.538540117726299
0.6522350358631834
0.5884203563758489
0.6237801862861362
0.6101615462964239
0.6184261980194157
0.6174644466713498
0.6201731320624191
0.621459469187297
0.6232526238427625
0.6248508839935151
0.6264994283297352
0.6281167522452958
0.6297286090550389
0.63132776195033
0.6329161343412386
0.6344935769573389
0.6360601484589153
0.6376160589751851
0.6391613644737766
0.6406962150500065
0.6422207068601599
0.6437349606550709
0.6452390826161133
0.6467331833340038
0.6482173688503362
0.6496917449221528
0.6511564150681207
0.65261148153381
0.6540570448814624
0.6554932042296767
0.6569200571823197
0.6583376999056981
0.6597462271328924
0.6611457322027178
0.6625363070806543
0.6639180423878133
0.6652910274249639
0.6666553501981705
0.66801109744274
0.669358354647196
0.6706972060764083
0.6720277347943606
0.673350022686319
0.6746641504805513
0.6759701977695327
0.6772682430306979
0.6785583636467198
0.6798406359253496
0.6811151351188133
0.6823819354427868
0.683641110094955
0.6848927312731654
0.6861368701931908
0.6873735971061044
0.6886029813152834
0.6898250911930471
0.691039994196937
0.692247756885655
0.6934484449346556
0.6946421231514174
0.6958288554903843
0.6970087050675997
0.6981817341750279
0.6993480042945855
0.7005075761118708
0.701660509529618
0.7028068636808695
0.7039466969418776
0.7050800669447437
0.7062070305897973
0.7073276440577261
0.7084419628214572
0.7095500416578013
0.7106519346588603
0.7117476952432066
0.7128373761668428
0.7139210295339341
0.7149987068073422
0.7160704588189324
0.7171363357796976
0.7181963872896648
0.7192506623476252
0.7202992093606582
0.7213420761534839
0.7223793099776261
0.7234109575204021
0.7244370649137392
0.7254576777428206
0.7264728410545696
0.7274825993659673
0.7284869966722192
0.7294860764547594
0.7304798816891132
0.7314684548526021
0.7324518379319144
0.7334300724305257
0.7344031993759907
0.7353712593270896
0.7363342923808529
0.7372923381794472
0.738245435916946
0.739193624345962
0.7401369417841769
0.7410754261207305
0.7420091148225206
0.7429380449403605
0.7438622531150534
0.7447817755833341
0.7456966481837235
0.746606906362266
0.7475125851781708
0.7484137193093547
0.7493103430578815
0.750202490355313
0.7510901947679581
0.7519734895020411
0.7528524074087657
0.7537269809893072
0.7545972423997039
0.7554632234556752
0.7563249556373496
0.7571824700939145
0.7580357976481904
0.7588849688011159
0.7597300137361742
0.7605709623237241
0.7614078441252777
0.7622406883976901
0.7630695240972909
0.7638943798839387
0.7647152841250123
0.7655322648993333
0.766345350001028
0.7671545669433166
0.7679599429622533
0.7687615050203905
0.7695592798103982
0.7703532937586066
0.7711435730285128
0.7719301435242082
0.7727130308937689
0.7734922605325801
0.7742678575866125
0.7750398469556443
0.775808253296433
0.7765731010258345
0.7773344143238763
0.7780922171367779
0.7788465331799282
0.800818263099983
0.7631066521119695
0.794373107823279
0.7719827289759049
0.7897541373183954
0.7779696577110148
0.7878845511045567
0.7818607790600455
0.787550705071518
0.7846119819696742
0.7880294291533639
0.7867487036772269
0.7889360961652268
0.7885502288507479
0.7900667746150247
0.7901653838067833
0.791312773048975
0.7916739232963493
0.7926158489648976
0.7931188544205842
0.7939446438713569
0.7945235274543189
0.7952822094025224
0.7959007198304062
0.7966193647290428
0.7972574905379702
0.7979511387918249
0.7985977883859118
0.7992748540596658
0.7999238610200975
0.8005890887595662
0.8012370201898272
0.801893111833846
0.8025380595977402
0.8031865736637847
0.8038274842609783
0.8044693359124018
0.8051056370714316
0.8057413774352951
0.8063727689976471
0.807002741999028
0.8076290782310103
0.8082535090940868
0.8088747321322134
0.8094937775691788
0.8101098796041836
0.8107236564185435
0.811334658109815
0.8119432595791969
0.8125491976793652
0.8131527029867415
0.8137536232173138
0.8143521029091353
0.8149480558438285
0.8155415750067503
0.8161326136854304
0.8167212338069219
0.8173074123497502
0.8178911924159334
0.8184725652181013
0.8190515623674479
0.8196281836323289
0.8202024535495311
0.8207743770198777
0.8213439741769721
0.8219112529824338
0.8224762307896674
0.8230389173628456
0.8235993282659134
0.8241574742988974
0.8247133698441075
0.8252670262689548
0.8258184571490716
0.8263676741324397
0.8269146902207757
0.8274595171668901
0.8280021675441597
0.8285426531026511
0.8290809860792974
0.8296171781558319
0.830151241291453
0.8306831870599171
0.831213027180781
0.8317407730962653
0.8322664363115196
0.8327900281236619
0.8333115598406028
0.8338310426070138
0.8343484875456487
0.8348639056452656
0.8353773078523112
0.8358887049985798
0.8363981078609911
0.8369055271148238
0.837410973372912
0.8379144571553924
0.8384159889155743
0.8389155790203888
0.8394132377675969
0.8399089753731933
0.8404028019829648
0.8408947276644292
0.7593745247997338
0.8537468052136026
0.7657742885372987
0.8232967771678356
0.7693243864237387
0.798977121140524
0.7667190518187319
0.7796684895958231
0.759922144260615
0.7634314424221649
0.750506397737432
0.7489333620843925
0.7395154113105563
0.735330040466015
0.7275935410784501
0.7221167055491868
0.7151127781888652
0.7090086110360957
0.7022731607228894
0.6958540956662922
0.6891739474217086
0.6825764323759484
0.6758595587319318
0.6691380583976706
0.6623467542962747
0.6555203403561404
0.6486393978169719
0.6417130636945013
0.6347358200893661
0.6277094386955109
0.6206321844079783
0.6135039468180865
0.6063238970678768
0.5990915130461433
0.5918061564263656
0.5844672386946669
0.5770741640260658
0.5696263493578486
0.5621232215755805
0.5545642200308327
0.5469487989485454
0.5392764294366202
0.5315466021226533
0.5237588297677527
0.5159126501719785
0.5080076292730166
0.5000433644766815
0.4920194882264278
0.4706201066171054
0.4818327126319256
0.46565795259772463
0.4595937248897118
0.45120178291355717
0.44253645467874675
0.43426054111600865
0.4256969865608701
0.4171340471104515
0.40851000087916967
0.3998173238794254
0.39106971349026515
0.3822617557521331
0.37339529821330936
0.3644713390229962
0.3554904743858174
0.346453840708936
0.3373625885559579
0.3282180209017341
0.3190216116740903
0.30977498816421056
0.30047994693578495
0.2911384583459132
0.2817526707083922
0.27232491509309
0.2628577085761836
0.2533537565651637
0.2438159540165617
0.2342473853298553
0.22465132283263048
0.2150312237330627
0.20539072543156042
0.1957336391060552
0.1860639415042566
0.17638576490195576
0.1667033852160123
0.15702120829318017
0.14734375443127595
0.13767564122632622
0.128021564877201
0.11838628011667539
0.10877457897355172
0.09919126860308791
0.08964114845119178
0.08012898704043811
0.07065949868188447
0.06123732042508831
0.0518669895591233
0.04255292196956302
0.03329939164048991
0.02411051156710671
0.014990216314299004
0.005942246420638074
-0.0030298651928442897
-0.011922804692755567
-0.02073348661021834
-0.02945906089643173
-0.038096917771161504
-0.04664469041779416
-0.055100255613987965
-0.06346173241755151
-0.07172747905243514
-0.07989608815935173
-0.08796638058952048
-0.09593739792853173
-0.10380839394073442
-0.11157882512335607
-0.11924834055438714
-0.12681677120975784
-0.13428411891419093
-0.14165054507700012
-0.14891635934964345
-0.15608200832662256
-0.16314806439583077
-0.17011521482913158
-0.17698425118913877
-0.18375605911414064
-0.1904316085300622
-0.19701194432642266
-0.20349817752250585
-0.20989147694043522
-0.2161930613935376
-0.22240419239124265
-0.22852616735573766
-0.2345603133406057
-0.24050798123762626
-0.24637054045472176
-0.25214937404559157
-0.25784587426980277
-0.26346143856090226
-0.2689974658794022
-0.27445535342719785
-0.2798364937000118
-0.28514227185478813
-0.2903740633695015
-0.2955332319735673
-0.30062112782788697
-0.30563908593451283
-0.31058842475692133
-0.31547044503293914
-0.32028642876342395
-0.3250376383608782
-0.32972531594321736
-0.3343506827589484
-0.33891493873100553
-0.34341926210744744
-0.34786480920813184
-0.35225271425734966
-0.35658408929321533
-0.360860024145383
-0.3650815864733751
-0.36924982185848204
-0.37336575394281846
-0.37743038460969863
-0.38144469420003746
-0.38540964175996906
-0.3893261653153417
-0.393195182169163
-0.39701758921845637
-0.400794263287342
-0.40452606147348297
-0.4082138215053256
-0.4118583621078437
-0.41546048337472846
-0.4190209671452021
-0.4225405773838269
-0.4260200605618729
-0.42946014603896804
-0.4328615464439128
-0.43622495805367084
-0.43955106116968
-0.4428405204907279
-0.4460939854817499
-0.44931209073798667
-0.45249545634402766
-0.4556446882273346
-0.45876037850590895
-0.46184310582982113
-0.46489343571637876
-0.4679119208787478
-0.47089910154789394
-0.473855505787737
-0.47678164980345455
-0.47967803824288985
-0.4825451644910548
-0.48538351095773113
-0.4881935493582028
-0.49097574098716096
-0.4937305369858429
-0.49645837860248015
-0.4897427383458887
-0.5063637052320284
-0.5028152965138066
-0.5075191109040144
-0.5097464539296797
-0.51225344421849
-0.5149046116496194
-0.517375967118331
-0.5199003177473955
-0.522375115455381
-0.5248331490728896
-0.52726894008209
-0.5296817636640837
-0.5320735312349736
-0.5344436651561346
-0.5367928397082659
-0.5391212550091989
-0.5414292289959276
-0.5437170607120436
-0.5459850331407676
-0.5482334323536783
-0.5504625342784397
-0.5526726111034035
-0.5548639291424272
-0.5570367495765902
-0.5591913285044435
-0.5613279170260099
-0.5634467614024157
-0.5655481031513274
-0.5676321791697193
-0.5696992218413315
-0.5717494591450014
-0.57378311475913
-0.5758004081633323
-0.5778015547374068
-0.5797867658575221
-0.5817562489898276
-0.583710207781498
-0.5856488421493187
-0.5875723483658705
-0.5894809191433901
-0.5913747437153741
-0.5932540079159925
-0.5951188942573747
-0.5969695820048371
-0.5988062472501022
-0.6006290629825808
-0.6024381991587632
-0.6042338227697831
-0.6060160979072027
-0.6077851858270744
-0.6095412450123264
-0.6112844312335257
-0.6130148976080597
-0.6147327946577896
-0.6164382703652137
-0.6181314702281867
-0.6198125373132385
-0.6214816123075296
-0.6231388335694836
-0.624784337178136
-0.6264182569812368
-0.6280407246421368
-0.6296518696855034
-0.6312518195418847
-0.6328406995911704
-0.6344186332049668
-0.6359857417879274
-0.6375421448180604
-0.639087959886048
-0.6406233027336019
-0.6421482872908819
-0.6436630257130067
-0.6451676284156787
-0.6466622041099482
-0.648146859836144
-0.6496217009969883
-0.6510868313899222
-0.6525423532386618
-0.6539883672240072
-0.6554249725139223
-0.656852266792908
-0.6582703462906867
-0.6596793058102167
-0.6610792387550548
-0.6624702371560834
-0.6638523916976222
-0.6652257917429361
-0.6665905253591631
-0.6679466793416647
-0.6692943392378318
-0.6706335893703412
-0.6719645128598946
-0.6732871916474396
-0.6746017065158961
-0.6759081371113951
-0.6772065619640468
-0.6784970585082445
-0.6797797031025231
-0.6810545710489788
-0.6823217366122623
-0.683581273038158
-0.6848332525717572
-0.6860777464752386
-0.6873148250452613
-0.6885445576299873
-0.6897670126457354
-0.6909822575932786
-0.6921903590737981
-0.6933913828044935
-0.6945853936338674
-0.6957724555566815
-0.6969526317286087
-0.6981259844805663
-0.6992925753327609
-0.7004524650084343
-0.7016057134473292
-0.7027523798188737
-0.7038925225350989
-0.7050261992632868
-0.7061534669383644
-0.7072743817750449
-0.7083889992797177
-0.7094973742621091
-0.7105995608466961
-0.7116956124839007
-0.7127855819610551
-0.7138695214131504
-0.7149474823333734
-0.7160195155834321
-0.7170856714036797
-0.7181459994230412
-0.7192005486687401
-0.720249367575844
-0.7212925039966159
-0.7223300052096927
-0.7233619179290772
-0.7243882883129698
-0.725409161972414
-0.7264245839797967
-0.7274345988771677
-0.7284392506844158
-0.7294385829072813
-0.7304326385452231
-0.7314214600991328
-0.7324050895789121
-0.7333835685108988
-0.7343569379451648
-0.7353252384626707
-0.7362885101822957
-0.7838855604113248
-0.7028731629207771
-0.7645142276254318
-0.7228252059480563
-0.7525230254229359
-0.7341235217370777
-0.7480052246873273
-0.7402307965756083
-0.7469992105444803
-0.7439724816155974
-0.7475455330208357
-0.7466498283763287
-0.7487739019278757
-0.7488403033834656
-0.7502991024039265
-0.7508010982271099
-0.7519493412916866
-0.7526477466821776
-0.753647399641969
-0.7544326617585037
-0.755358339729101
-0.7561798940940032
-0.7570662911209851
-0.757900641305658
-0.7587640541026957
-0.7596002264011279
-0.7604484034010182
-0.7612812639031997
-0.7621179490474037
-0.7629451081720677
-0.7637721540486455
-0.7645925213239447
-0.7654108796912615
-0.7662239837357862
-0.7670341734473789
-0.7678398395541582
-0.7686421693086802
-0.7694403654382435
-0.7702350406263346
-0.7710258033110049
-0.7718129776583108
-0.7725963761069494
-0.77337617682928
-0.7741522954264815
-0.7749248355829023
-0.7756937653088898
-0.7764591499227776
-0.7772209841297534
-0.7779793132544218
-0.7787341455848276
-0.7794855158604397
-0.7802334392251631
-0.7809779446852587
-0.781719050769552
-0.7824567832715341
-0.7831911623050727
-0.7839222117706911
-0.784649952430403
-0.7853744069893144
-0.7860955963690701
-0.7868135424523556
-0.7875282660662656
-0.7882397884736816
-0.7889481302761128
-0.7896533122292152
-0.7903553546429164
-0.7910542778303074
-0.7917501017782341
-0.792442846396174
-0.793132531334744
-0.7938191761248333
-0.7945028000774499
-0.7951834223622888
-0.7958610619525425
-0.7965357376698567
-0.7972074681541128
-0.797876271889624
-0.7985421671888496
-0.7992051722080535
-0.7998653049388253
-0.8005225832177779
-0.8011770247224546
-0.8018286469776317
-0.8024774673536927
-0.8031235030709764
-0.8037667711995405
-0.8044072886623702
-0.8050450722359177
-0.8056801385526381
-0.8063125041019563
-0.8069421852323946
-0.8075691981527712
-0.8081935589340702
-0.8088152835107588
-0.8094343876824892
-0.8100508871154699
-0.8106647973440497
-0.811276133772107
-0.8118849116745477
-0.812491146198689
-0.8130948523656928
-0.8136960450719285
-0.8142947390903564
-0.8148909490718608
-0.8154846895465929
-0.8160759749252685
-0.816664819500475
-0.8172512374479356
-0.8178352428277793
-0.8184168495857737
-0.8189960715545594
-0.8195729224548525
-0.8201474158966426
-0.8207195653803692
-0.8212893842980823
-0.8218568859345928
-0.8224220834686002
-0.822984989973813
-0.823545618420049
-0.8241039816743251
-0.8246600925019287
-0.8252139635674807
-0.8257656074359796
-0.8263150365738351
-0.8268622633498877
-0.8274073000364146
-0.8279501588101245
-0.8284908517531357
-0.8290293908539484
-0.8295657880083978
-0.8301000550205981
-0.8306322036038762
-0.8311622453816909
-0.8316901918885415
-0.8322160545708648
-0.8327398447879223
-0.8332615738126735
-0.8337812528326418
-0.8342988929507652
-0.8348145051862427
-0.8353281004753621
-0.8358396896723269
-0.8363492835500634
-0.8368568928010262
-0.8373625280379888
-0.8378661997948259
-0.8383679185272863
-0.8388676946137578
-0.839365538356018
-0.8398614599799844
-0.8757611580038773
-0.8099296245648807
-0.7830970493838076
-0.8345985512888869
-0.7798525136316596
-0.8122873061219514
-0.7772475854304506
-0.7928841812087073
-0.7709476812185987
-0.7764187024497835
-0.7620414719049534
-0.7617521204576028
-0.7514824275484061
-0.7480785535707983
-0.7399044511465797
-0.7348847168856837
-0.7276977338664213
-0.7218626921772385
-0.7150865098606696
-0.7088379869756638
-0.7021904101201695
-0.69571683706138
-0.6890678180959747
-0.6824509075005296
-0.6757438050589455
-0.6690155802214496
-0.6622266387223078
-0.6553976798590331
-0.6485167469415227
-0.6415891061566331
-0.6346111882560962
-0.6275838155976706
-0.6205056989661892
-0.61337652703581
-0.6061955573060441
-0.5989622327256015
-0.5916759282590344
-0.5843360509960802
-0.5769420065730493
-0.5694932118221898
-0.5619890938365529
-0.5544290922513619
-0.546812661544629
-0.539139273162649
-0.5314084180982851
-0.5236196095340578
-0.5157723857431535
-0.5078663131937652
-0.4999009898838426
-0.4918760489146119
-0.4837911623107321
-0.4756460450967591
-0.46744045963682684
-0.4591742202437724
-0.45084719806202755
-0.44245932622653467
-0.43401060529743085
-0.4255011089672561
-0.41693099003394224
-0.40830048662879687
-0.39960992868405365
-0.39085974461931106
-0.38205046822029
-0.37318274567679793
-0.3642573427396207
-0.3552751519482671
-0.3462371998731562
-0.3371446543070106
-0.32799883133103747
-0.3188012021720823
-0.3095533997575209
-0.3002572248654573
-0.2909146517590808
-0.28152783318615116
-0.2720991046178771
-0.2626309875963254
-0.2531261920564007
-0.24358761748776964
-0.23401835280434277
-0.22442167479445593
-0.21480104503409725
-0.20516010515867686
-0.1955026704061342
-0.1858327213656732
-0.1761543938919968
-0.1664719671743131
-0.15678984998210857
-0.14711256514506746
-0.13744473236166868
-0.12779104946887468
-0.11815627234273277
-0.10854519363534063
-0.09896262058615397
-0.0894133521737057
-0.07990215589625489
-0.07043374448563408
-0.0610127528668012
-0.051643715675803885
-0.04233104564083557
-0.03307901311496742
-0.023891727025484467
-0.014773117474378573
-0.00572692018857241
0.0032433370217944016
0.012134345681712452
0.02094302587524529
0.02966653324801338
0.03830226380344351
0.04684785654731456
0.055301194070422985
0.06366040118966593
0.07192384179296274
0.08009011405293086
0.08815804418807605
0.0961266789586336
0.10399527708748514
0.11176329979528178
0.11943040063363666
0.1269964147916787
0.13446134804005674
0.14182536546333124
0.14908878011720741
0.15625204173183016
0.16331572556687438
0.17028052150885237
0.17714722348626272
0.18391671926419997
0.19058998066701993
0.1971680542657478
0.2036520525562036
0.21004314564432547
0.21634255344688974
0.2225515384087186
0.22867139873146397
0.23470346210408777
0.2406490799211325
0.24650962197169773
0.25228647157961565
0.25798102117355853
0.2635946682646206
0.26912881180821613
0.2745848489268476
0.2799641719703445
0.2852681658905063
0.29049820590763026
0.29565565544712813
0.30074186432528943
0.3057581671641967
0.3107058820168089
0.3155863091842799
0.3751017147811421
0.3095106089768234
0.33075724366535275
0.3361670945608107
0.3376909226862328
0.34348247993207665
0.3477399288898275
0.35203487783616133
0.35644206704756165
0.3606974265807285
0.3649215783753829
0.36909481259971116
0.37321109976489303
0.37727802279765804
0.3812942532456958
0.385260969467312
0.38917933591971615
0.3930501215597054
0.39687426886246413
0.40065265372781744
0.40438612828649956
0.40807553428180565
0.41172169022131494
0.4153253969105462
0.41888743699854086
0.4224085750443916
0.42588955819326335
0.4293311164422497
0.4327339630416309
0.4360987948798016
0.43942629285337537
0.44271712224290044
0.4459719330812332
0.4491913605178125
0.4523760251780303
0.45552653351690836
0.4586434781670061
0.46172743828018975
0.46477897986303757
0.4677986561057141
0.47078700770416526
0.47374456317552943
0.4766718391667002
0.4795693407559955
0.48243756174792085
0.4852769849610298
0.4880880825089149
0.49087131607437
0.4936271371767822
0.4963559874328303
0.49905829881057073
0.5017344938770056
0.5043849860392331
0.5070101797792907
0.5096104708828031
0.512186246661554
0.5147378861701066
0.517265760416591
0.5197702325677948
0.5222516581486759
0.5247103852364357
0.5271467546492734
0.5295611001299602
0.531953748524354
0.5343250199549882
0.5366752279898598
0.5390046798065431
0.541313676351751
0.543602512496469
0.5458714771867809
0.5481208535905032
0.5503509192397474
0.5525619461695183
0.5547542010524681
0.5569279453299059
0.5590834353391757
0.5612209224375048
0.5633406531224223
0.5654428691488517
0.5675278076429662
0.5695957012129097
0.5716467780564692
0.5736812620657872
0.5756993729292056
0.5777013262303231
0.5796873335443428
0.5816576025318007
0.5836123370297418
0.5855517371404245
0.5874759993176267
0.5893853164506198
0.5912798779458854
0.5931598698066375
0.5950254747102128
0.5968768720834017
0.5987142381757664
0.6005377461310186
0.6023475660565055
0.6041438650908633
0.6059268074698909
0.6076965545906973
0.6094532650741694
0.6111970948258166
0.6129281970950298
0.6146467225328115
0.6163528192480112
0.6180466328621191
0.6197283065626522
0.6213979811551767
0.6230557951140093
0.6247018846316262
0.626336383666829
0.6279594239916922
0.6295711352373342
0.6311716449385424
0.6327610785772857
0.6343395596251441
0.6359072095846924
0.6374641480298567
0.639010492645284
0.6405463592647443
0.6420718619085974
0.6435871128203468
0.6450922225023094
0.6465872997504228
0.6480724516882166
0.6495477837999677
0.6510133999630657
0.6524694024796064
0.6539158921072379
0.6553529680892775
0.6567807281841186
0.6581992686939512
0.6596086844928071
0.6610090690539567
0.6624005144766675
0.6637831115123457
0.6651569495900747
0.6665221168415701
0.6678787001255623
0.6692267850516253
0.6705664560034637
0.6718977961616746
0.6732208875259976
0.6745358109370628
0.6758426460976558
0.677141471593507
0.6784323649136215
0.6797154024701566
0.6809906596178665
0.7462393722705823
0.6392822991159433
0.7131760248502184
0.6689761434729602
0.6969647267617639
0.6826519833609355
0.6928401757550093
0.6888833399064986
0.6930831734224792
0.6925505775822298
0.6947557446252685
0.6953536476667854
0.6968813829016174
0.6978518225176971
0.6991402376863277
0.7002296134160088
0.7014266776710314
0.7025489185615084
0.7037054934379707
0.7048310254589485
0.7059649602837488
0.7070835592708636
0.7082013034758405
0.7093094721870881
0.710413476543101
0.7115100890655861
0.7126013789451129
0.7136861552921216
0.7147652386374328
0.7158382028155537
0.7169053951736648
0.7179666799931732
0.7190222225547108
0.7200719984237657
0.7211161015287474
0.7221545501885145
0.7231874096282306
0.7242147143938396
0.7252365176503044
0.7262528597909015
0.727263788504485
0.7282693459336145
0.7292695769372531
0.7302645237815707
0.7312542295818102
0.7322387360859982
0.7332180851263449
0.7341923176865839
0.735161474522632
0.7361255957682299
0.7370847212051679
0.738038890096928
0.7389881413094948
0.739932513242472
0.7408720438854746
0.7418067707912633
0.7427367311040213
0.7436619615507095
0.7445824984568914
0.7454983777460028
0.7464096349495482
0.7473163052097798
0.7482184232872726
0.7491160235650276
0.750009140054761
0.7508978064015522
0.7517820558894533
0.7526619214462854
0.753537435648847
0.7544086307276862
0.7552755385720353
0.7561381907344844
0.7569966184357044
0.7578508525689929
0.7587009237048136
0.759546862095208
0.7603886976781681
0.7612264600819105
0.7620601786290941
0.7628898823409599
0.7637155999414036
0.7645373598609799
0.7653551902408405
0.766169118936607
0.7669791735221809
0.7677853812934863
0.7685877692721602
0.7693863642091693
0.7701811925883847
0.7709722806300796
0.7717596542943882
0.7725433392846941
0.7733233610509743
0.7740997447930842
0.7748725154639907
0.7756416977729562
0.7764073161886691
0.777169394942324
0.7779279580306585
0.7786830292189347
0.7794346320438801
0.7801827898165773
0.780927525625314
0.781668862338382
0.7824068226068398
0.7831414288672253
0.7838727033442341
0.7846006680533473
0.7853253448034301
0.7860467551992791
0.7867649206441402
0.7874798623421817
0.7881916013009341
0.7889001583336889
0.7896055540618668
0.7903078089173423
0.791006943144743
0.7917029768037046
0.7923959297711012
0.7930858217432348
0.7937726722379987
0.7944565005970035
0.7951373259876761
0.7958151674053233
0.7964900436751715
0.797161973454368
0.7978309752339624
0.7984970673408504
0.7991602679396962
0.7998205950348241
0.8004780664720805
0.8011326999406766
0.8017845129749932
0.8024335229563728
0.8030797471148732
0.8037232025310088
0.8043639061374538
0.8050018747207348
0.805637124922887
0.806269673243099
0.8068995360393221
0.8075267295298688
0.8081512697949806
0.8087731727783766
0.8093924542887839
0.8100091300014399
0.810623215459581
0.8112347260759047
0.8118436771340175
0.8124500837898554
0.7905759638431057
0.8330872837887189
0.7986550877083077
0.827215371537625
0.8058927841585051
0.8235812021963945
0.8108124987395273
0.8218302416640781
0.8142522300445552
0.821221941851066
0.8167933779014284
0.8212981747613061
0.8187875077334258
0.8217846521545231
0.8204460819893526
0.8225166900209077
0.8218966972032771
0.8233949731557169
0.8232166464704623
0.8243593585437716
0.8244529449270926
0.8253732854927928
0.8256343154135631
0.8264144520635793
0.8267783874437071
0.8274692135856511
0.8278960370482403
0.8285292028349528
0.8289940128536124
0.8295892822681372
0.8300765311773806
0.8306462983332007
0.8311462485821021
0.8316983207188724
0.8322048571045043
0.8327441759689199
0.8332534499254767
0.8337831604768895
0.8342927468552817
0.8348148632102836
0.8353232338929825
0.8358390558105534
0.8363452499231471
0.8368556242166227
0.8373590407715025
0.8378645259729877
0.8383647930326246
0.8388657634825611
0.8393626553171333
0.8398593671931973
0.8403527516467842
0.8408453849947615
0.7593209656422791
0.85369343770886
0.7657262712474424
0.8232385385829937
0.7692779120797165
0.7989177967069414
0.7666713518264798
0.7796097636474985
0.7598722693351033
0.7633736295607698
0.7504543455513578
0.7488761872105397
0.7394615236791865
0.7352730774181416
0.727538193892411
0.7220595744561588
0.7150562607291407
0.7089510371294955
0.7022156553139409
0.6957959027298204
0.6891155501796128
0.6825175148289444
0.6758003089704362
0.6690783535918408
0.6622866588322748
0.6554598085356934
0.6485784469545274
0.6416516759458533
0.6346739966258976
0.6276471706943804
0.6205694681181543
0.6134407760210959
0.6062602667292546
0.5990274176432004
0.5917415907000296
0.5844021973555333
0.5770086418864393
0.569560341305908
0.56205672260414
0.5544972252527227
0.5468813036160954
0.5392084289631395
0.5314780921049174
0.5236898060106915
0.5158431087150559
0.50793756641864
0.4999727768206576
0.4919483726905589
0.4838640256857385
0.47571945042574093
0.4675144088295294
0.4592487147221688
0.45092223871524967
0.44253491336332007
0.4340867385961041
0.42557778742328656
0.41700821190515847
0.40837824937837036
0.39968822892141787
0.3909385780392212
0.3821298295402949
0.37326262857344966
0.36433773978381784
0.3553560545402008
0.3463185981774026
0.3372265371883965
0.32808118629198924
0.31888401529225274
0.30963665563657233
0.30034090656996015
0.29099874077456245
0.2816123093753972
0.27218394618663616
0.2627161710676134
0.253211692254612
0.243673407533799
0.2341044041228882
0.22450795713460592
0.21488752650420573
0.20524675227639458
0.19558944816428978
0.18591959331448574
0.17624132223785535
0.16655891289507788
0.15687677295858315
0.1471994243079621
0.13753148585303882
0.12787765481667718
0.11824268664681206
0.10863137376285098
0.09904852337414763
0.08949893463638853
0.0799873754342386
0.07051855909440408
0.061097121341581385
0.05172759781003324
0.04241440241558122
0.033161806876777056
0.06239619160518094
0.010978247786821134
0.0035067581059371653
-0.0018933213088140042
-0.012482608418958648
-0.021301612044766993
-0.029811322729115058
-0.038515172072593
-0.04706507318906453
-0.05550485893097033
-0.06386454780349879
-0.07212621365684699
-0.0802895122584267
-0.08835511937823315
-0.09632134374099492
-0.10418744702878442
-0.11195299597036845
-0.11961761542102502
-0.12718114252558652
-0.13464359240608822
-0.14200513243283108
-0.14926607895058425
-0.15642688518178444
-0.16348812926589604
-0.17045050375929713
-0.1773148050320485
-0.18408192302791726
-0.1907528315177521
-0.19732857879769844
-0.2038102788772801
-0.2101991031783292
-0.2164962727483692
-0.22270305099035886
-0.22882073690399957
-0.2348506588283855
-0.2407941686720554
-0.246652636613307
-0.25242744625120267
-0.25811999018596654
-0.26373166600629433
-0.2692638726604046
-0.2747180071873823
-0.2800954617854225
-0.28539762119391565
-0.29062586036687355
-0.2957815424159183
-0.300866016801915
-0.30588061775527603
-0.310826662905983
-0.3157054521054116
-0.32051826642312675
-0.3252663673028632
-0.3299509958629751
-0.33457337232765433
-0.3391346955762104
-0.34363614279866606
-0.3480788692468226
-0.3524640080708226
-0.35679267023203975
-0.36106594448390805
-0.36528489741300324
-0.36945057353337235
-0.3735639954277235
-0.37762616392966625
-0.3816380583417326
-0.3856006366843949
-0.38951483597176234
-0.39338157251004435
-0.3972017422152653
-0.40097622094705615
-0.4047058648556818
-0.40839151073974433
-0.41203397641228495
-0.4156340610732386
-0.4191925456864285
-0.4227101933594834
-0.4261877497252461
-0.42962594332340825
-0.4330254859812577
-0.4363870731925598
-0.43971138449371555
-0.4429990838364556
-0.44625081995642607
-0.44946722673710604
-0.45264892356859426
-0.4557965157008555
-0.4589105945910956
-0.46199173824498885
-0.46504051155153014
-0.4680574666113379
-0.47104314305826606
-0.4739980683742299
-0.47692275819717367
-0.47981771662214556
-0.4826834364954655
-0.4855203997019917
-0.4883290774455218
-0.49110993052236807
-0.49386340958816927
-0.4965899554180175
-0.49928999915997613
-0.5019639625820922
-0.5046122583129983
-0.5072352900762164
-0.5098334529182792
-0.5124071334307827
-0.5149567099664983
-0.5174825528496662
-0.5199850245805984
-0.5224644800347183
-0.5249212666561698
-0.5273557246461215
-0.5297681871458965
-0.5321589804150615
-0.5345284240045937
-0.5368768309252631
-0.539204507811347
-0.5415117550798065
-0.5437988670850441
-0.546066132269363
-0.5483138333092462
-0.5505422472575724
-0.5527516456818797
-0.5549422947987918
-0.5571144556047091
-0.5592683840028815
-0.561404330926954
-0.563522542461097
-0.5656232599568145
-0.5677067201465265
-0.5697731552540237
-0.5718227931018798
-0.5738558572159163
-0.5758725669267991
-0.5778731374688619
-0.5798577800762249
-0.5818267020762982
-0.5837801069807435
-0.5857181945739695
-0.587641160999232
-0.5895491988424135
-0.5914424972135456
-0.5933212418261462
-0.5951856150744301
-0.597035796108463
-0.5988719609073113
-0.6006942823502532
-0.6025029302861061
-0.6042980716007232
-0.6060798702827176
-0.5527939828673691
-0.6436565755907098
-0.5932164391414374
-0.6217441149598733
-0.6112272695836893
-0.6181689939229174
-0.6177383995387621
-0.6202413697533085
-0.6216023222441558
-0.6233679379448396
-0.6249743168202287
-0.6266191596292451
-0.6282364725539508
-0.629847289296845
-0.6314456538127905
-0.6330332175480484
-0.6346098464117985
-0.6361756286148174
-0.6377307485774592
-0.6392752776152051
-0.6408093574448956
-0.6423330882047503
-0.6438465885342319
-0.645349965423104
-0.6468433289001937
-0.6483267850885475
-0.6498004395305471
-0.6512643956718884
-0.6527187556221297
-0.6541636198405998
-0.6555990873304962
-0.657025255589477
-0.6584422206763173
-0.6598500772202812
-0.6612489184575392
-0.6626388362532885
-0.6640199211300557
-0.6653922622919936
-0.666755947650313
-0.6681110638472764
-0.6694576962800822
-0.6707959291239831
-0.6721258453550009
-0.6734475267720639
-0.6747610540186875
-0.6760665066041458
-0.6773639629241889
-0.6786535002812871
-0.67993519490444
-0.6812091219685394
-0.682475355613315
-0.6837339689618616
-0.6849850341387641
-0.6862286222878322
-0.6874648035894457
-0.6886936472775319
-0.6899152216561777
-0.6911295941158814
-0.6923368311494686
-0.6935369983676575
-0.694730160514307
-0.6959163814813344
-0.6970957243233276
-0.6982682512718417
-0.6994340237494119
-0.7005931023832576
-0.7017455470187216
-0.702891416732415
-0.7040307698451049
-0.7051636639343318
-0.7062901558467706
-0.7074103017103406
-0.7085241569460718
-0.7096317762797278
-0.7107332137531996
-0.7118285227356684
-0.7129177559345424
-0.714000965406186
-0.7150782025664218
-0.7161495182008393
-0.7172149624748896
-0.7182745849437884
-0.7193284345622237
-0.7203765596938719
-0.7214190081207331
-0.7224558270522827
-0.7234870631344483
-0.724512762458411
-0.7255329705692436
-0.7265477324743773
-0.7275570926519135
-0.728561095058773
-0.7295597831386933
-0.7305531998300775
-0.7315413875736906
-0.7325243883202176
-0.7335022435376758
-0.7344749942186933
-0.73544268088765
-0.7364053436076878
-0.7373630219875928
-0.7383157551885488
-0.739263581930771
-0.7402065405000138
-0.7411446687539683
-0.7420780041285341
-0.7430065836439871
-0.7439304439110299
-0.7448496211367391
-0.7457641511304011
-0.7466740693092493
-0.747579410704094
-0.7484802099648598
-0.7493765013660165
-0.7502683188119234
-0.7511556958420751
-0.7520386656362534
-0.7529172610195995
-0.7537915144675843
-0.7546614581109049
-0.7555271237402907
-0.7563885428112274
-0.7572457464486012
-0.7580987654512639
-0.7589476302965179
-0.7597923711445322
-0.7606330178426692
-0.7614695999297593
-0.7623021466402823
-0.763130686908495
-0.7639552493724817
-0.7647758623781379
-0.765592553983092
-0.7664053519605561
-0.7672142838031198
-0.7680193767264754
-0.7688206576730862
-0.7696181533157949
-0.7704118900613686
-0.7712018940539936
-0.7719881911787061
-0.772770807064773
-0.773549767089015
-0.7743250963790788
-0.7750968198166547
-0.7758649620406444
-0.7766295474502781
-0.7773906002081816
-0.7781481442433957
-0.7789022032543474
-0.730532311137011
-0.8213491979651741
-0.7501562595471213
-0.8051452851365892
-0.7657922185569886
-0.795916895761938
-0.7750386783954739
-0.7916321257593711
-0.7806693531182625
-0.7899981805982136
-0.7843584660799787
-0.7897692734058229
-0.7870021225859689
-0.7902867297593893
-0.7890775197813573
-0.7912005553969145
-0.7908398814475605
-0.7923235876899536
-0.7924264482098021
-0.7935551530915019
-0.7939114436900111
-0.7948408133582071
-0.7953352571632465
-0.7961509950329836
-0.7967200147647308
-0.7974695730498709
-0.7980779312344034
-0.7987877360947006
-0.7994158131771073
-0.8001006715144986
-0.800737500131574
-0.8014057640471683
-0.8020451948045271
-0.8027016118423176
-0.8033401917805123
-0.8039874861171777
-0.8046232787951217
-0.8052630329007976
-0.805894958843984
-0.8065281075726832
-0.8071555737543669
-0.8077826826177872
-0.8084053732876595
-0.8090267959532786
-0.8096445539815688
-0.810260521849413
-0.8108732810978886
-0.8114839544944894
-0.812091701091797
-0.812697198669762
-0.8132999487375122
-0.8139003644412974
-0.8144981512268538
-0.8150935641318096
-0.8156864305447532
-0.8162769105924135
-0.8168649048592536
-0.8174505162187429
-0.8180336893450733
-0.8186144923950565
-0.8191928966799595
-0.8197689491853565
-0.8203426373510078
-0.8209139951675295
-0.8214830198499684
-0.8220497373505026
-0.8226141508032664
-0.8231762811396348
-0.8237361350633099
-0.8242937303301114
-0.8248490757766082
-0.8254021871165133
-0.825953074437809
-0.8265017521116353
-0.8270482309350183
-0.8275925243704784
-0.8281346435895898
-0.8286746014170081
-0.8292124091922808
-0.829748079272265
-0.8302816230369154
-0.8308130524829879
-0.8313423789522476
-0.8318696141502545
-0.8323947693324467
-0.8329178559578592
-0.8334388851664685
-0.8339578682002541
-0.8344748160664831
-0.834989739809966
-0.8355026502954661
-0.8360135583844398
-0.8365224747940305
-0.8370294102122855
-0.8375343752065503
-0.838037380298922
-0.8385384359066151
-0.8390375523916231
-0.8395347400218474
-0.8400300090039697
-0.8405233694581087
